Feel free to place comments here.


!!!!!!!!!!!!!!!!!!!!!!!!!!!!!!!!!!!!!!!!!!!!!!!!!!!!!!!!!!!!!!!!!!!!!!!!!
!!! Warning:  This is a KLT data file.  Do not modify below this line !!!

------------------------------
KLT Feature List
------------------------------

nFeatures = 1000

feature | (x,y)=val
--------+---------------------
      0 | (1521.936523,123.094444)=    0 
      1 | (1366.906372,279.309204)=    0 
      2 | (604.755005,25.951395)=    0 
      3 | (-1.000000,-1.000000)=   -5 
      4 | (780.281616,105.619804)=    0 
      5 | (-1.000000,-1.000000)=   -5 
      6 | (709.737183,103.443687)=    0 
      7 | (319.103516,146.752731)=    0 
      8 | (1478.351685,274.382050)=    0 
      9 | (387.610046,175.075714)=    0 
     10 | (386.991608,144.771484)=    0 
     11 | (319.609161,177.248444)=    0 
     12 | (363.889984,224.328629)=    0 
     13 | (1364.013428,306.708618)=    0 
     14 | (538.345581,120.152122)=    0 
     15 | (-1.000000,-1.000000)=   -5 
     16 | (753.445007,118.142792)=    0 
     17 | (297.451843,310.648590)=    0 
     18 | (-1.000000,-1.000000)=   -5 
     19 | (595.341064,102.885841)=    0 
     20 | (877.347656,28.507818)=    0 
     21 | (323.578400,304.074127)=    0 
     22 | (341.217224,150.026581)=    0 
     23 | (1220.255127,341.103394)=    0 
     24 | (418.020996,181.062836)=    0 
     25 | (683.881165,111.732437)=    0 
     26 | (418.328033,144.663483)=    0 
     27 | (784.126038,64.830925)=    0 
     28 | (1232.892700,122.176987)=    0 
     29 | (875.898499,73.003723)=    0 
     30 | (1502.354126,276.823547)=    0 
     31 | (1502.318848,401.832611)=    0 
     32 | (340.846344,181.228943)=    0 
     33 | (579.848267,27.913809)=    0 
     34 | (294.796814,335.111603)=    0 
     35 | (306.500397,223.960907)=    0 
     36 | (880.488708,216.959915)=    0 
     37 | (400.986664,309.052460)=    0 
     38 | (608.215454,50.005085)=    0 
     39 | (366.458527,173.922897)=    0 
     40 | (1185.211914,291.362610)=    0 
     41 | (781.802795,38.412151)=    0 
     42 | (856.701538,64.137428)=    0 
     43 | (263.274689,248.763412)=    0 
     44 | (1216.905518,395.010468)=    0 
     45 | (898.543884,60.279831)=    0 
     46 | (545.424988,44.920292)=    0 
     47 | (367.508118,144.163177)=    0 
     48 | (432.886932,242.312698)=    0 
     49 | (877.408081,51.859825)=    0 
     50 | (1221.081909,292.517242)=    0 
     51 | (442.543732,32.381569)=    0 
     52 | (401.322998,253.528030)=    0 
     53 | (350.990845,277.557739)=    0 
     54 | (1491.884033,185.080826)=    0 
     55 | (327.634491,223.130341)=    0 
     56 | (257.627747,271.863403)=    0 
     57 | (-1.000000,-1.000000)=   -5 
     58 | (942.821899,139.170914)=    0 
     59 | (906.692627,173.368958)=    0 
     60 | (944.992310,217.150208)=    0 
     61 | (576.992249,50.994804)=    0 
     62 | (377.657410,274.462891)=    0 
     63 | (1222.618408,598.402466)=    0 
     64 | (463.139008,528.300720)=    0 
     65 | (1222.105469,150.803879)=    0 
     66 | (305.327972,79.059158)=    0 
     67 | (617.457764,110.105766)=    0 
     68 | (296.223022,273.941650)=    0 
     69 | (444.349945,206.777405)=    0 
     70 | (252.076950,353.184296)=    0 
     71 | (856.683105,33.022335)=    0 
     72 | (400.126587,230.619431)=    0 
     73 | (328.787292,72.435593)=    0 
     74 | (1166.340942,331.963470)=    0 
     75 | (168.323166,448.417236)=    0 
     76 | (413.710510,70.147743)=    0 
     77 | (1600.996826,432.111420)=    0 
     78 | (188.861694,454.525452)=    0 
     79 | (1600.601318,474.942291)=    0 
     80 | (542.304260,230.363449)=    0 
     81 | (231.487946,446.815002)=    0 
     82 | (926.339050,64.899307)=    0 
     83 | (1438.633179,119.165825)=    0 
     84 | (437.976898,303.191498)=    0 
     85 | (1187.904785,113.462814)=    0 
     86 | (1515.637329,234.338562)=    0 
     87 | (1364.454468,156.169601)=    0 
     88 | (902.752808,128.876907)=    0 
     89 | (1160.488037,105.875465)=    0 
     90 | (900.045349,208.598099)=    0 
     91 | (1021.160950,103.495415)=    0 
     92 | (431.823517,502.784821)=    0 
     93 | (961.336243,62.959923)=    0 
     94 | (757.175903,670.638611)=    0 
     95 | (353.739502,299.714722)=    0 
     96 | (1234.204834,100.063240)=    0 
     97 | (732.055054,99.016815)=    0 
     98 | (924.539368,207.977509)=    0 
     99 | (368.124329,80.147774)=    0 
    100 | (799.386292,98.135834)=    0 
    101 | (1118.993164,412.739380)=    0 
    102 | (284.615204,514.224121)=    0 
    103 | (678.152832,504.134064)=    0 
    104 | (1200.229858,154.773224)=    0 
    105 | (1356.655029,379.394684)=    0 
    106 | (727.219666,721.329895)=    0 
    107 | (1162.662109,301.124237)=    0 
    108 | (762.679749,97.070747)=    0 
    109 | (426.254974,274.846008)=    0 
    110 | (284.553528,208.114410)=    0 
    111 | (1115.781738,140.667877)=    0 
    112 | (-1.000000,-1.000000)=   -4 
    113 | (1580.594360,406.503082)=    0 
    114 | (942.161011,184.657059)=    0 
    115 | (1512.360474,192.016357)=    0 
    116 | (1641.756348,410.820404)=    0 
    117 | (1039.390991,71.824974)=    0 
    118 | (810.875061,49.636848)=    0 
    119 | (-1.000000,-1.000000)=   -5 
    120 | (896.506531,101.215721)=    0 
    121 | (939.059875,159.488281)=    0 
    122 | (1194.279541,89.719292)=    0 
    123 | (-1.000000,-1.000000)=   -5 
    124 | (1173.480103,572.759338)=    0 
    125 | (1211.382690,109.837524)=    0 
    126 | (1411.433350,114.407318)=    0 
    127 | (837.064880,68.334732)=    0 
    128 | (552.938782,76.282524)=    0 
    129 | (898.616821,77.156914)=    0 
    130 | (1693.165283,115.721138)=    0 
    131 | (999.744141,218.440842)=    0 
    132 | (557.205750,113.527863)=    0 
    133 | (1073.968994,142.829224)=    0 
    134 | (1235.993652,377.869232)=    0 
    135 | (1485.586670,211.643951)=    0 
    136 | (-1.000000,-1.000000)=   -4 
    137 | (1048.500977,104.602959)=    0 
    138 | (1697.071777,465.477020)=    0 
    139 | (1613.846924,453.525726)=    0 
    140 | (512.808838,561.556580)=    0 
    141 | (1813.301392,117.105919)=    0 
    142 | (303.626099,474.588348)=    0 
    143 | (964.002686,119.141014)=    0 
    144 | (1137.278320,114.836510)=    0 
    145 | (1679.481812,633.905334)=    0 
    146 | (1155.462402,45.470139)=    0 
    147 | (1515.508911,250.464691)=    0 
    148 | (-1.000000,-1.000000)=   -4 
    149 | (1509.091431,298.959259)=    0 
    150 | (-1.000000,-1.000000)=   -5 
    151 | (1653.991577,112.353722)=    0 
    152 | (415.838257,201.015015)=    0 
    153 | (1558.010376,407.991486)=    0 
    154 | (591.281738,79.013901)=    0 
    155 | (1174.936523,211.295700)=    0 
    156 | (468.783508,61.572285)=    0 
    157 | (-1.000000,-1.000000)=   -5 
    158 | (1177.762573,162.806000)=    0 
    159 | (907.444092,148.577682)=    0 
    160 | (1434.326904,91.057373)=    0 
    161 | (502.365479,820.573303)=    0 
    162 | (925.405518,113.123047)=    0 
    163 | (365.105530,497.095245)=    0 
    164 | (1634.826782,462.691711)=    0 
    165 | (966.995239,139.114166)=    0 
    166 | (1192.824829,491.584351)=    0 
    167 | (900.111389,29.189680)=    0 
    168 | (-1.000000,-1.000000)=   -5 
    169 | (1446.226196,289.059906)=    0 
    170 | (398.086243,202.095078)=    0 
    171 | (1689.721680,515.943787)=    0 
    172 | (-1.000000,-1.000000)=   -5 
    173 | (1568.338989,114.399094)=    0 
    174 | (643.982056,128.369324)=    0 
    175 | (397.367249,279.899261)=    0 
    176 | (928.259216,41.059925)=    0 
    177 | (489.333038,622.421814)=    0 
    178 | (1789.525635,113.170677)=    0 
    179 | (1171.827393,451.658051)=    0 
    180 | (472.171417,26.219038)=    0 
    181 | (1211.502441,87.355591)=    0 
    182 | (-1.000000,-1.000000)=   -4 
    183 | (1023.543884,160.727219)=    0 
    184 | (253.944534,442.391083)=    0 
    185 | (1488.506226,630.917297)=    0 
    186 | (485.353271,563.938049)=    0 
    187 | (490.810577,58.421124)=    0 
    188 | (201.911057,514.252258)=    0 
    189 | (-1.000000,-1.000000)=   -5 
    190 | (373.990997,202.394485)=    0 
    191 | (338.167419,202.341858)=    0 
    192 | (1570.639282,591.875671)=    0 
    193 | (1132.213013,254.709045)=    0 
    194 | (1281.250000,643.249023)=    0 
    195 | (1357.831299,408.478363)=    0 
    196 | (309.233704,202.187241)=    0 
    197 | (1044.526001,155.467819)=    0 
    198 | (74.102417,299.129364)=    0 
    199 | (210.181702,448.678345)=    0 
    200 | (271.486145,363.571472)=    0 
    201 | (749.041382,693.610474)=    0 
    202 | (-1.000000,-1.000000)=   -5 
    203 | (1214.376709,209.084976)=    0 
    204 | (128.643951,296.551544)=    0 
    205 | (-1.000000,-1.000000)=   -4 
    206 | (298.085602,173.061218)=    0 
    207 | (1580.145142,533.448425)=    0 
    208 | (1535.279541,416.505096)=    0 
    209 | (390.077545,433.201569)=    0 
    210 | (1614.528076,599.217712)=    0 
    211 | (1340.287964,576.270203)=    0 
    212 | (1194.598755,341.412048)=    0 
    213 | (73.604477,244.889816)=    0 
    214 | (1387.726562,501.750519)=    0 
    215 | (1619.851807,256.202393)=    0 
    216 | (961.758789,40.583187)=    0 
    217 | (1164.276489,506.672729)=    0 
    218 | (1112.380859,125.685028)=    0 
    219 | (532.646057,80.284645)=    0 
    220 | (480.264099,86.569176)=    0 
    221 | (1651.783813,92.460205)=    0 
    222 | (1548.788330,662.349609)=    0 
    223 | (1567.040771,452.986084)=    0 
    224 | (862.224487,248.089569)=    0 
    225 | (1138.921265,413.269043)=    0 
    226 | (1164.359375,130.003860)=    0 
    227 | (1699.779419,439.384888)=    0 
    228 | (542.514282,141.913986)=    0 
    229 | (181.306076,296.603973)=    0 
    230 | (1195.076904,413.271271)=    0 
    231 | (1020.117126,178.126053)=    0 
    232 | (1686.240234,93.079704)=    0 
    233 | (564.948608,30.685852)=    0 
    234 | (1203.864014,579.529968)=    0 
    235 | (1469.125366,634.643616)=    0 
    236 | (1814.690552,94.070953)=    0 
    237 | (472.311340,216.925674)=    0 
    238 | (217.608063,493.108063)=    0 
    239 | (1597.040527,658.792114)=    0 
    240 | (1644.328613,515.318604)=    0 
    241 | (662.759766,125.797966)=    0 
    242 | (1449.075806,514.781738)=    0 
    243 | (1170.045166,550.993896)=    0 
    244 | (1584.961914,428.338196)=    0 
    245 | (1337.690918,432.336884)=    0 
    246 | (1343.897095,288.275452)=    0 
    247 | (1627.477539,125.307289)=    0 
    248 | (1521.607910,656.182922)=    0 
    249 | (166.901917,470.135040)=    0 
    250 | (1406.632568,295.500000)=    0 
    251 | (285.721710,230.530228)=    0 
    252 | (353.152496,518.015198)=    0 
    253 | (118.966698,487.927399)=    0 
    254 | (1015.412048,123.421272)=    0 
    255 | (292.811249,140.990204)=    0 
    256 | (359.264862,623.927795)=    0 
    257 | (1655.223877,167.684509)=    0 
    258 | (1541.707764,93.493217)=    0 
    259 | (1598.779175,349.552704)=    0 
    260 | (278.774231,493.429230)=    0 
    261 | (1632.448853,545.113953)=    0 
    262 | (1843.519653,128.383514)=    0 
    263 | (287.570404,388.010925)=    0 
    264 | (1542.693115,553.842346)=    0 
    265 | (1679.024414,567.221741)=    0 
    266 | (1220.573364,544.544861)=    0 
    267 | (337.625549,492.526947)=    0 
    268 | (-1.000000,-1.000000)=   -4 
    269 | (98.487244,505.992889)=    0 
    270 | (1524.740845,521.341797)=    0 
    271 | (226.807190,300.136536)=    0 
    272 | (1615.606201,849.824829)=    0 
    273 | (1399.936523,92.691422)=    0 
    274 | (-1.000000,-1.000000)=   -4 
    275 | (1538.062866,466.716309)=    0 
    276 | (1276.572144,597.556213)=    0 
    277 | (1692.959351,489.758362)=    0 
    278 | (774.021912,630.288452)=    0 
    279 | (1300.356201,434.288086)=    0 
    280 | (1603.958252,111.788628)=    0 
    281 | (1491.431030,243.635284)=    0 
    282 | (1778.930542,94.372421)=    0 
    283 | (1432.454468,491.651367)=    0 
    284 | (886.342346,184.862534)=    0 
    285 | (975.804016,209.017212)=    0 
    286 | (1566.837769,514.270935)=    0 
    287 | (1494.771606,132.256790)=    0 
    288 | (1203.642456,447.310883)=    0 
    289 | (72.500519,778.701355)=    0 
    290 | (330.830872,723.227478)=    0 
    291 | (1368.497437,573.871399)=    0 
    292 | (1678.369019,282.622864)=    0 
    293 | (808.053711,352.981201)=    0 
    294 | (-1.000000,-1.000000)=   -4 
    295 | (-1.000000,-1.000000)=   -5 
    296 | (1357.441040,531.785522)=    0 
    297 | (109.793579,607.373901)=    0 
    298 | (450.594604,500.121796)=    0 
    299 | (1518.750977,546.052979)=    0 
    300 | (1242.653687,618.985962)=    0 
    301 | (200.265579,426.607513)=    0 
    302 | (1139.701416,291.258118)=    0 
    303 | (549.098145,162.990158)=    0 
    304 | (1469.991089,430.703064)=    0 
    305 | (1415.015503,197.112823)=    0 
    306 | (1320.507690,506.346802)=    0 
    307 | (240.459518,249.886124)=    0 
    308 | (1605.807617,293.994812)=    0 
    309 | (1680.901001,590.094299)=    0 
    310 | (1507.221924,635.541138)=    0 
    311 | (1517.456665,99.683662)=    0 
    312 | (1304.992310,560.974304)=    0 
    313 | (828.405823,622.269531)=    0 
    314 | (99.361565,529.117371)=    0 
    315 | (1608.654175,560.834656)=    0 
    316 | (1384.600220,534.169800)=    0 
    317 | (561.919556,225.537704)=    0 
    318 | (1077.445923,255.963791)=    0 
    319 | (1692.035156,165.404770)=    0 
    320 | (953.912170,83.155190)=    0 
    321 | (490.851288,164.160141)=    0 
    322 | (1650.152466,330.041077)=    0 
    323 | (420.710144,631.814392)=    0 
    324 | (1651.680542,545.316528)=    0 
    325 | (-1.000000,-1.000000)=   -5 
    326 | (1463.243530,547.556091)=    0 
    327 | (186.923080,562.033813)=    0 
    328 | (279.232727,470.485168)=    0 
    329 | (1634.329102,660.509949)=    0 
    330 | (-1.000000,-1.000000)=   -4 
    331 | (1540.533325,373.716522)=    0 
    332 | (1228.294067,563.376465)=    0 
    333 | (1701.622803,416.491760)=    0 
    334 | (1593.536621,588.967346)=    0 
    335 | (-1.000000,-1.000000)=   -5 
    336 | (1638.411011,615.309937)=    0 
    337 | (1243.478638,358.419464)=    0 
    338 | (431.264709,525.417603)=    0 
    339 | (112.492653,751.171021)=    0 
    340 | (177.756790,354.467804)=    0 
    341 | (413.589966,433.832123)=    0 
    342 | (462.960083,265.243500)=    0 
    343 | (1618.532104,336.456848)=    0 
    344 | (999.631714,101.960083)=    0 
    345 | (1492.406860,474.327484)=    0 
    346 | (95.646294,572.530212)=    0 
    347 | (1028.804321,55.778645)=    0 
    348 | (473.948120,284.548920)=    0 
    349 | (1403.983032,382.356079)=    0 
    350 | (421.090179,221.155289)=    0 
    351 | (307.309113,383.256866)=    0 
    352 | (134.483780,771.018555)=    0 
    353 | (1364.577026,498.520599)=    0 
    354 | (966.859985,158.021881)=    0 
    355 | (1501.013184,566.040039)=    0 
    356 | (1623.431030,173.381088)=    0 
    357 | (1535.234985,396.092102)=    0 
    358 | (1543.548462,289.556732)=    0 
    359 | (1464.874023,466.125946)=    0 
    360 | (1532.050659,582.530457)=    0 
    361 | (110.799576,710.256348)=    0 
    362 | (1358.538208,98.155426)=    0 
    363 | (1253.738647,582.755310)=    0 
    364 | (443.555603,478.781372)=    0 
    365 | (486.706818,254.802704)=    0 
    366 | (1544.219482,606.865662)=    0 
    367 | (247.985931,298.202209)=    0 
    368 | (1598.501343,510.091278)=    0 
    369 | (-1.000000,-1.000000)=   -5 
    370 | (771.255676,487.573883)=    0 
    371 | (504.657959,608.870605)=    0 
    372 | (255.963181,501.764008)=    0 
    373 | (1514.874146,615.257202)=    0 
    374 | (464.497131,237.709015)=    0 
    375 | (986.203369,126.167488)=    0 
    376 | (1443.756226,472.969543)=    0 
    377 | (1603.784790,408.731689)=    0 
    378 | (1428.459717,512.230713)=    0 
    379 | (288.980530,417.857086)=    0 
    380 | (-1.000000,-1.000000)=   -4 
    381 | (1384.663452,619.736023)=    0 
    382 | (228.170822,471.632172)=    0 
    383 | (1174.655151,528.464478)=    0 
    384 | (-1.000000,-1.000000)=   -4 
    385 | (1500.060059,524.956848)=    0 
    386 | (255.261200,526.460266)=    0 
    387 | (1570.331665,556.554688)=    0 
    388 | (975.472900,188.838715)=    0 
    389 | (338.024231,322.620300)=    0 
    390 | (917.890320,229.473526)=    0 
    391 | (690.385803,90.503220)=    0 
    392 | (420.796387,542.789734)=    0 
    393 | (1298.047485,524.987915)=    0 
    394 | (547.935059,555.674255)=    0 
    395 | (1405.837036,546.192444)=    0 
    396 | (1653.848511,640.836426)=    0 
    397 | (1580.365356,288.496002)=    0 
    398 | (257.973267,480.781586)=    0 
    399 | (1838.452515,200.269318)=    0 
    400 | (1687.245605,536.428040)=    0 
    401 | (207.556137,560.851135)=    0 
    402 | (1509.117554,499.522125)=    0 
    403 | (543.383484,29.173735)=    0 
    404 | (1195.727295,518.724182)=    0 
    405 | (1447.258667,628.005981)=    0 
    406 | (367.434479,400.001465)=    0 
    407 | (1562.650757,92.498657)=    0 
    408 | (1297.788940,595.847168)=    0 
    409 | (1661.818481,672.699158)=    0 
    410 | (420.910248,462.886597)=    0 
    411 | (466.006927,639.761597)=    0 
    412 | (1022.701904,226.820236)=    0 
    413 | (1598.135376,259.174591)=    0 
    414 | (1655.559570,494.481842)=    0 
    415 | (486.925537,463.962616)=    0 
    416 | (305.593872,509.619629)=    0 
    417 | (1526.939331,174.925522)=    0 
    418 | (509.059479,881.097412)=    0 
    419 | (114.891403,672.987244)=    0 
    420 | (1427.436523,628.977417)=    0 
    421 | (1230.124878,77.273705)=    0 
    422 | (1143.960205,135.544067)=    0 
    423 | (1590.974731,565.478027)=    0 
    424 | (1134.196899,335.211212)=    0 
    425 | (318.362488,352.797974)=    0 
    426 | (243.807236,411.234314)=    0 
    427 | (1488.441528,454.422821)=    0 
    428 | (1489.567261,97.223808)=    0 
    429 | (1408.973877,491.802795)=    0 
    430 | (-1.000000,-1.000000)=   -4 
    431 | (1624.764282,284.461670)=    0 
    432 | (528.808228,594.264587)=    0 
    433 | (1009.529907,269.046814)=    0 
    434 | (507.447296,145.513855)=    0 
    435 | (1406.835205,623.350830)=    0 
    436 | (530.303223,169.548309)=    0 
    437 | (1639.875366,198.193130)=    0 
    438 | (1598.241699,325.935974)=    0 
    439 | (402.840759,504.835602)=    0 
    440 | (1736.389648,126.931229)=    0 
    441 | (1657.333862,472.872406)=    0 
    442 | (286.499817,542.615967)=    0 
    443 | (761.171570,36.263580)=    0 
    444 | (1069.680420,221.305542)=    0 
    445 | (1560.501465,481.130554)=    0 
    446 | (1540.023804,70.528580)=    0 
    447 | (1691.443237,394.753235)=    0 
    448 | (1339.719604,551.165710)=    0 
    449 | (346.920258,435.361481)=    0 
    450 | (1480.120972,118.083099)=    0 
    451 | (335.324799,745.193909)=    0 
    452 | (140.726532,499.123596)=    0 
    453 | (1598.509888,637.573792)=    0 
    454 | (1449.998169,568.938965)=    0 
    455 | (473.180878,509.210144)=    0 
    456 | (1542.339111,127.125313)=    0 
    457 | (1016.725769,87.036163)=    0 
    458 | (510.349182,82.466370)=    0 
    459 | (590.167419,368.290924)=    0 
    460 | (1249.065063,533.603638)=    0 
    461 | (82.402245,273.769196)=    0 
    462 | (1425.260010,571.043945)=    0 
    463 | (1557.011597,638.462036)=    0 
    464 | (1637.770508,566.408386)=    0 
    465 | (231.684372,522.055359)=    0 
    466 | (137.251816,576.633484)=    0 
    467 | (1630.820190,370.257019)=    0 
    468 | (397.794098,536.319580)=    0 
    469 | (1109.015381,334.489685)=    0 
    470 | (445.891663,420.017853)=    0 
    471 | (1506.115723,369.466431)=    0 
    472 | (1583.116577,367.736176)=    0 
    473 | (-1.000000,-1.000000)=   -4 
    474 | (1593.615845,452.608154)=    0 
    475 | (1000.734985,179.656860)=    0 
    476 | (845.590393,108.977280)=    0 
    477 | (75.221413,573.210266)=    0 
    478 | (1618.153931,618.479675)=    0 
    479 | (373.071472,527.407532)=    0 
    480 | (549.428467,196.277527)=    0 
    481 | (1471.192139,514.623901)=    0 
    482 | (1446.935303,393.981873)=    0 
    483 | (1561.586426,432.534180)=    0 
    484 | (593.006104,127.948082)=    0 
    485 | (1833.669312,176.313339)=    0 
    486 | (420.646606,479.919708)=    0 
    487 | (1664.693115,519.673950)=    0 
    488 | (1717.784424,396.129028)=    0 
    489 | (1362.204224,550.862244)=    0 
    490 | (1428.603516,551.314819)=    0 
    491 | (1030.294434,332.113983)=    0 
    492 | (1603.992676,529.411438)=    0 
    493 | (1070.717163,165.264542)=    0 
    494 | (214.960175,668.587769)=    0 
    495 | (1740.186768,202.574326)=    0 
    496 | (843.337830,496.148926)=    0 
    497 | (674.340576,1013.187683)=    0 
    498 | (1446.769287,596.530701)=    0 
    499 | (1707.406616,198.845642)=    0 
    500 | (449.288849,574.302063)=    0 
    501 | (1560.769531,368.842468)=    0 
    502 | (1218.129150,522.473572)=    0 
    503 | (1538.225464,346.698090)=    0 
    504 | (355.066223,349.070923)=    0 
    505 | (71.937965,759.315613)=    0 
    506 | (75.621559,331.262817)=    0 
    507 | (1711.325439,291.815338)=    0 
    508 | (1591.068481,618.219116)=    0 
    509 | (601.216064,1005.831909)=    0 
    510 | (1702.823853,314.762451)=    0 
    511 | (357.396240,376.920624)=    0 
    512 | (321.062439,532.406372)=    0 
    513 | (1278.145752,529.257629)=    0 
    514 | (186.168716,590.045654)=    0 
    515 | (119.106613,509.337738)=    0 
    516 | (1391.146362,580.537781)=    0 
    517 | (1274.775513,558.164001)=    0 
    518 | (1518.367554,462.927521)=    0 
    519 | (310.782867,755.302185)=    0 
    520 | (369.398529,548.376404)=    0 
    521 | (426.240753,389.329651)=    0 
    522 | (766.329163,381.213074)=    0 
    523 | (101.351410,783.346680)=    0 
    524 | (1621.139282,483.016907)=    0 
    525 | (253.134186,378.825592)=    0 
    526 | (828.138977,352.463043)=    0 
    527 | (-1.000000,-1.000000)=   -4 
    528 | (420.702911,1016.196594)=    0 
    529 | (367.558289,978.406616)=    0 
    530 | (1493.672729,606.992554)=    0 
    531 | (167.647476,564.081665)=    0 
    532 | (1556.623169,531.927063)=    0 
    533 | (809.488831,487.821594)=    0 
    534 | (519.753235,106.189262)=    0 
    535 | (440.611298,959.257385)=    0 
    536 | (1246.711060,500.515656)=    0 
    537 | (770.389343,652.396973)=    0 
    538 | (288.538147,438.906097)=    0 
    539 | (1827.923706,284.781311)=    0 
    540 | (1733.649414,172.325943)=    0 
    541 | (1611.013672,366.952026)=    0 
    542 | (933.139404,97.297478)=    0 
    543 | (1644.761230,306.752289)=    0 
    544 | (1731.010132,93.790527)=    0 
    545 | (825.136292,452.733582)=    0 
    546 | (867.893372,341.817444)=    0 
    547 | (317.156921,797.464844)=    0 
    548 | (1077.733643,365.012238)=    0 
    549 | (1659.248901,619.413208)=    0 
    550 | (471.520630,603.982178)=    0 
    551 | (348.037689,415.132263)=    0 
    552 | (337.792328,378.531738)=    0 
    553 | (1781.299438,190.285370)=    0 
    554 | (1403.123657,71.426781)=    0 
    555 | (1361.758667,609.691284)=    0 
    556 | (1511.713013,811.661438)=    0 
    557 | (1562.924072,611.629456)=    0 
    558 | (209.810120,539.095581)=    0 
    559 | (1551.175781,309.523163)=    0 
    560 | (1458.582397,138.894485)=    0 
    561 | (1752.083008,326.626984)=    0 
    562 | (450.598022,549.146057)=    0 
    563 | (665.396790,973.970581)=    0 
    564 | (1662.066650,579.804993)=    0 
    565 | (392.482788,1010.031128)=    0 
    566 | (101.650948,729.706299)=    0 
    567 | (788.702515,355.731720)=    0 
    568 | (-1.000000,-1.000000)=   -4 
    569 | (1559.262329,349.105377)=    0 
    570 | (96.768150,549.355713)=    0 
    571 | (146.091003,465.367523)=    0 
    572 | (1053.078735,345.329742)=    0 
    573 | (429.451477,991.758728)=    0 
    574 | (465.928223,468.358551)=    0 
    575 | (528.941833,988.604492)=    0 
    576 | (998.609741,156.049789)=    0 
    577 | (138.188126,555.722229)=    0 
    578 | (1200.989990,557.194336)=    0 
    579 | (1837.520874,263.633392)=    0 
    580 | (666.327881,162.829178)=    0 
    581 | (1035.189941,442.138641)=    0 
    582 | (1678.183960,304.737183)=    0 
    583 | (1350.286377,776.022827)=    0 
    584 | (155.061783,357.311646)=    0 
    585 | (892.515564,457.312775)=    0 
    586 | (809.660889,1023.971863)=    0 
    587 | (465.439545,436.832275)=    0 
    588 | (816.929626,96.422050)=    0 
    589 | (198.287033,798.066467)=    0 
    590 | (341.636261,796.876282)=    0 
    591 | (1539.916870,439.290314)=    0 
    592 | (1492.982422,586.284912)=    0 
    593 | (400.000488,471.752350)=    0 
    594 | (1855.944336,176.350586)=    0 
    595 | (1530.438110,635.574951)=    0 
    596 | (1333.986694,531.638123)=    0 
    597 | (1667.273682,74.399200)=    0 
    598 | (1740.137329,1034.402222)=    0 
    599 | (521.473267,913.215881)=    0 
    600 | (1408.364990,526.921021)=    0 
    601 | (1882.660034,86.629692)=    0 
    602 | (1443.145752,439.302155)=    0 
    603 | (355.467590,468.026672)=    0 
    604 | (1039.250244,178.446030)=    0 
    605 | (390.361694,1032.923584)=    0 
    606 | (404.738953,391.173859)=    0 
    607 | (1157.495361,171.611191)=    0 
    608 | (133.575562,361.347076)=    0 
    609 | (321.743683,470.897461)=    0 
    610 | (-1.000000,-1.000000)=   -4 
    611 | (1450.256104,493.014313)=    0 
    612 | (-1.000000,-1.000000)=   -4 
    613 | (522.513062,1014.515686)=    0 
    614 | (1402.011963,938.539917)=    0 
    615 | (1070.213257,1027.767578)=    0 
    616 | (1610.402222,92.275505)=    0 
    617 | (479.746765,1008.098450)=    0 
    618 | (535.138306,961.175476)=    0 
    619 | (-1.000000,-1.000000)=   -4 
    620 | (1536.563843,254.034058)=    0 
    621 | (1795.440796,76.108719)=    0 
    622 | (261.719421,546.204834)=    0 
    623 | (1743.416504,285.343018)=    0 
    624 | (509.184357,581.702698)=    0 
    625 | (1356.692871,74.614372)=    0 
    626 | (552.450195,932.923950)=    0 
    627 | (930.687683,968.872559)=    0 
    628 | (1101.448486,358.614960)=    0 
    629 | (1476.476196,495.916779)=    0 
    630 | (481.847809,582.509888)=    0 
    631 | (1623.371948,314.662842)=    0 
    632 | (1095.718872,391.600281)=    0 
    633 | (1404.337891,601.586670)=    0 
    634 | (878.411072,365.447601)=    0 
    635 | (-1.000000,-1.000000)=   -4 
    636 | (318.754822,334.219543)=    0 
    637 | (580.040710,1027.344971)=    0 
    638 | (754.494629,406.591187)=    0 
    639 | (1540.008545,488.932190)=    0 
    640 | (1473.083862,575.819214)=    0 
    641 | (1643.942993,230.387466)=    0 
    642 | (1872.007812,205.032318)=    0 
    643 | (367.257812,1036.880493)=    0 
    644 | (1510.651855,319.568024)=    0 
    645 | (322.608093,53.960175)=    0 
    646 | (497.380524,115.381470)=    0 
    647 | (492.619232,998.283142)=    0 
    648 | (-1.000000,-1.000000)=   -4 
    649 | (1005.525879,916.398438)=    0 
    650 | (821.423401,380.369690)=    0 
    651 | (1561.040161,199.826935)=    0 
    652 | (1592.602051,170.622284)=    0 
    653 | (1004.946716,856.959106)=    0 
    654 | (1358.578979,426.602203)=    0 
    655 | (1427.889404,531.583191)=    0 
    656 | (874.046326,90.088890)=    0 
    657 | (-1.000000,-1.000000)=   -4 
    658 | (1329.565186,865.200806)=    0 
    659 | (469.373688,361.829102)=    0 
    660 | (1251.451660,978.540161)=    0 
    661 | (1689.965332,76.950165)=    0 
    662 | (1053.104248,331.901306)=    0 
    663 | (474.911896,961.747803)=    0 
    664 | (1544.950073,168.976883)=    0 
    665 | (1248.490601,558.835693)=    0 
    666 | (1138.703003,734.367920)=    0 
    667 | (440.318939,451.259003)=    0 
    668 | (1418.890625,156.812393)=    0 
    669 | (1376.167358,380.641296)=    0 
    670 | (185.522522,475.981049)=    0 
    671 | (822.079285,891.207581)=    0 
    672 | (1531.584229,241.334747)=    0 
    673 | (1589.445068,688.832153)=    0 
    674 | (199.796936,73.726906)=    0 
    675 | (502.593353,908.385437)=    0 
    676 | (1306.159424,649.426147)=    0 
    677 | (1424.117310,473.168060)=    0 
    678 | (762.949280,989.992188)=    0 
    679 | (274.043610,415.183411)=    0 
    680 | (1609.960571,716.757996)=    0 
    681 | (1161.124878,1006.753845)=    0 
    682 | (1574.811035,313.786438)=    0 
    683 | (392.428619,583.228882)=    0 
    684 | (398.813629,360.077271)=    0 
    685 | (321.210449,404.730835)=    0 
    686 | (578.141724,995.050354)=    0 
    687 | (140.063828,533.711853)=    0 
    688 | (273.082855,730.156189)=    0 
    689 | (1683.144775,605.486755)=    0 
    690 | (1765.587280,435.887939)=    0 
    691 | (155.949646,762.179810)=    0 
    692 | (1080.353516,411.520966)=    0 
    693 | (794.223145,1000.436096)=    0 
    694 | (1760.980713,412.395844)=    0 
    695 | (407.955017,338.020264)=    0 
    696 | (887.144836,1028.151367)=    0 
    697 | (490.991241,442.552521)=    0 
    698 | (688.705627,990.037292)=    0 
    699 | (445.646606,595.147400)=    0 
    700 | (769.491150,611.509644)=    0 
    701 | (727.341248,965.715576)=    0 
    702 | (-1.000000,-1.000000)=   -4 
    703 | (1655.945435,429.849609)=    0 
    704 | (1659.302856,256.034882)=    0 
    705 | (208.665054,696.961182)=    0 
    706 | (1426.752197,609.042175)=    0 
    707 | (1618.449829,507.239990)=    0 
    708 | (1489.875488,77.103561)=    0 
    709 | (1299.295410,505.002686)=    0 
    710 | (233.394409,351.881378)=    0 
    711 | (844.676758,960.088135)=    0 
    712 | (1420.153564,941.211853)=    0 
    713 | (1634.781982,639.018982)=    0 
    714 | (-1.000000,-1.000000)=   -4 
    715 | (1683.033325,322.630493)=    0 
    716 | (1831.469116,420.687531)=    0 
    717 | (1473.245239,608.512695)=    0 
    718 | (170.645447,1012.201172)=    0 
    719 | (1774.814819,591.997498)=    0 
    720 | (327.485077,613.239380)=    0 
    721 | (1866.951904,392.051910)=    0 
    722 | (313.024109,971.696167)=    0 
    723 | (1031.021606,360.970123)=    0 
    724 | (368.307129,428.343811)=    0 
    725 | (518.094055,44.893608)=    0 
    726 | (849.838135,458.569672)=    0 
    727 | (503.322845,1023.549133)=    0 
    728 | (175.583786,335.916840)=    0 
    729 | (764.901123,860.199219)=    0 
    730 | (1840.549438,395.448364)=    0 
    731 | (1094.571777,159.432312)=    0 
    732 | (611.456177,977.909729)=    0 
    733 | (90.488968,362.723755)=    0 
    734 | (371.999298,1005.457031)=    0 
    735 | (928.044678,426.982239)=    0 
    736 | (173.888245,716.977173)=    0 
    737 | (138.268341,622.208191)=    0 
    738 | (908.939392,336.151489)=    0 
    739 | (533.842773,1036.784058)=    0 
    740 | (-1.000000,-1.000000)=   -4 
    741 | (1664.525024,191.130356)=    0 
    742 | (825.597229,292.167664)=    0 
    743 | (-1.000000,-1.000000)=   -4 
    744 | (891.344116,911.538391)=    0 
    745 | (-1.000000,-1.000000)=   -4 
    746 | (424.959656,580.418579)=    0 
    747 | (1645.320435,342.436035)=    0 
    748 | (1285.548218,574.956787)=    0 
    749 | (975.470764,285.250397)=    0 
    750 | (1681.197876,439.213715)=    0 
    751 | (452.428467,617.991821)=    0 
    752 | (465.433136,889.667664)=    0 
    753 | (-1.000000,-1.000000)=   -4 
    754 | (503.317780,968.150085)=    0 
    755 | (-1.000000,-1.000000)=   -4 
    756 | (714.809875,1026.578003)=    0 
    757 | (1618.396118,145.551529)=    0 
    758 | (1359.299438,185.540054)=    0 
    759 | (472.249725,986.016663)=    0 
    760 | (743.378052,913.422180)=    0 
    761 | (478.137238,141.633575)=    0 
    762 | (1400.379883,473.308960)=    0 
    763 | (-1.000000,-1.000000)=   -4 
    764 | (846.781860,429.142181)=    0 
    765 | (212.154907,464.890533)=    0 
    766 | (1632.194214,594.896729)=    0 
    767 | (820.227539,1003.941467)=    0 
    768 | (1073.572510,344.441010)=    0 
    769 | (-1.000000,-1.000000)=   -4 
    770 | (1275.721924,981.568237)=    0 
    771 | (453.011749,1007.851318)=    0 
    772 | (1712.641479,158.055176)=    0 
    773 | (1439.637695,74.010979)=    0 
    774 | (722.266357,995.294067)=    0 
    775 | (135.966064,727.933838)=    0 
    776 | (1803.208130,158.301239)=    0 
    777 | (888.325378,335.389923)=    0 
    778 | (1341.893677,510.057861)=    0 
    779 | (851.756592,992.798950)=    0 
    780 | (420.333435,366.776276)=    0 
    781 | (1161.163330,960.169983)=    0 
    782 | (355.187866,321.395691)=    0 
    783 | (1797.362061,234.044739)=    0 
    784 | (922.197205,282.108276)=    0 
    785 | (766.787598,1012.706604)=    0 
    786 | (253.243896,726.360107)=    0 
    787 | (198.060104,735.846802)=    0 
    788 | (1460.108887,671.410767)=    0 
    789 | (509.299561,255.178604)=    0 
    790 | (928.770447,318.510803)=    0 
    791 | (481.721588,934.339294)=    0 
    792 | (1766.862061,389.648041)=    0 
    793 | (336.777679,244.017975)=    0 
    794 | (867.522583,942.364868)=    0 
    795 | (1625.171021,86.166435)=    0 
    796 | (1497.256836,545.941101)=    0 
    797 | (1361.315674,480.118652)=    0 
    798 | (716.390930,138.873764)=    0 
    799 | (-1.000000,-1.000000)=   -4 
    800 | (521.574280,934.978210)=    0 
    801 | (-1.000000,-1.000000)=   -4 
    802 | (236.650558,795.426086)=    0 
    803 | (1170.920288,739.745056)=    0 
    804 | (169.233032,526.326538)=    0 
    805 | (820.738159,69.732170)=    0 
    806 | (313.102753,425.981201)=    0 
    807 | (364.389374,577.934448)=    0 
    808 | (272.431793,1002.403198)=    0 
    809 | (248.385345,977.309387)=    0 
    810 | (802.091309,458.774719)=    0 
    811 | (962.484253,443.386597)=    0 
    812 | (1379.523315,295.664581)=    0 
    813 | (1602.746094,200.969528)=    0 
    814 | (1190.727905,1004.889343)=    0 
    815 | (688.946777,161.918045)=    0 
    816 | (172.084595,507.345306)=    0 
    817 | (310.039215,729.471008)=    0 
    818 | (934.544861,920.201294)=    0 
    819 | (739.589478,140.220291)=    0 
    820 | (1724.468750,271.366760)=    0 
    821 | (859.262695,281.127197)=    0 
    822 | (895.592102,874.445740)=    0 
    823 | (796.334229,885.561035)=    0 
    824 | (307.622162,1012.880005)=    0 
    825 | (273.858917,777.297974)=    0 
    826 | (1109.137329,1047.043945)=    0 
    827 | (1220.465332,501.552460)=    0 
    828 | (1329.646973,603.506042)=    0 
    829 | (527.692444,886.570923)=    0 
    830 | (131.559952,843.182434)=    0 
    831 | (90.873062,607.758728)=    0 
    832 | (1843.244751,156.084534)=    0 
    833 | (1814.641724,304.039185)=    0 
    834 | (1336.473511,973.560791)=    0 
    835 | (1328.478760,955.600708)=    0 
    836 | (-1.000000,-1.000000)=   -4 
    837 | (-1.000000,-1.000000)=   -4 
    838 | (1140.751953,1028.671387)=    0 
    839 | (513.627869,857.491699)=    0 
    840 | (1213.585938,136.796478)=    0 
    841 | (-1.000000,-1.000000)=   -4 
    842 | (1422.945679,389.651489)=    0 
    843 | (497.691376,234.562561)=    0 
    844 | (898.538208,967.414490)=    0 
    845 | (1069.373901,973.008179)=    0 
    846 | (1575.503296,635.898926)=    0 
    847 | (-1.000000,-1.000000)=   -4 
    848 | (307.860992,444.134247)=    0 
    849 | (729.390259,419.740234)=    0 
    850 | (328.310089,1035.033569)=    0 
    851 | (948.122131,338.347382)=    0 
    852 | (326.261963,1011.515137)=    0 
    853 | (280.630096,249.450058)=    0 
    854 | (1464.726440,933.824585)=    0 
    855 | (376.803741,476.754456)=    0 
    856 | (1297.301147,985.531311)=    0 
    857 | (1125.833130,368.350342)=    0 
    858 | (1646.398315,281.933472)=    0 
    859 | (642.134399,1030.718994)=    0 
    860 | (1176.997925,41.227806)=    0 
    861 | (692.622986,1032.002930)=    0 
    862 | (789.130249,385.932983)=    0 
    863 | (-1.000000,-1.000000)=   -4 
    864 | (943.231201,883.928894)=    0 
    865 | (694.005493,900.981628)=    0 
    866 | (1559.546387,227.809540)=    0 
    867 | (390.501343,897.817505)=    0 
    868 | (1232.683228,959.306274)=    0 
    869 | (157.007996,782.950867)=    0 
    870 | (881.420044,310.596863)=    0 
    871 | (1120.122559,184.357651)=    0 
    872 | (245.907928,1006.483765)=    0 
    873 | (1736.973022,314.623749)=    0 
    874 | (158.159790,742.937683)=    0 
    875 | (814.300110,115.217323)=    0 
    876 | (1375.753418,844.476257)=    0 
    877 | (714.354980,460.264160)=    0 
    878 | (563.232910,1016.452026)=    0 
    879 | (1270.008423,844.200012)=    0 
    880 | (807.419983,291.328918)=    0 
    881 | (858.550842,371.161407)=    0 
    882 | (831.790100,405.973328)=    0 
    883 | (-1.000000,-1.000000)=   -4 
    884 | (658.516174,411.652740)=    0 
    885 | (326.746338,450.680756)=    0 
    886 | (1535.316040,282.691162)=    0 
    887 | (1187.904419,312.891724)=    0 
    888 | (1212.441284,651.953796)=    0 
    889 | (996.848633,316.558105)=    0 
    890 | (895.700256,933.224304)=    0 
    891 | (1634.179932,680.290955)=    0 
    892 | (611.117615,942.825562)=    0 
    893 | (418.634277,940.156982)=    0 
    894 | (1107.993042,472.807495)=    0 
    895 | (479.621735,409.238037)=    0 
    896 | (1342.672607,924.516296)=    0 
    897 | (1870.275513,237.936295)=    0 
    898 | (1882.876465,416.771851)=    0 
    899 | (1427.526978,1034.423950)=    0 
    900 | (1211.191284,980.226196)=    0 
    901 | (377.985138,946.374695)=    0 
    902 | (1667.187134,409.556519)=    0 
    903 | (976.959106,991.884338)=    0 
    904 | (340.660950,104.647530)=    0 
    905 | (221.171310,765.282837)=    0 
    906 | (908.419189,436.668976)=    0 
    907 | (1264.550781,946.804382)=    0 
    908 | (356.377014,602.971436)=    0 
    909 | (1534.745239,929.313293)=    0 
    910 | (1880.039673,147.458557)=    0 
    911 | (233.397537,1028.460693)=    0 
    912 | (1102.223389,1006.246216)=    0 
    913 | (1795.266602,136.200790)=    0 
    914 | (1738.114258,73.822823)=    0 
    915 | (1263.907715,640.704468)=    0 
    916 | (1239.181885,1014.622559)=    0 
    917 | (1857.568848,1047.679565)=    0 
    918 | (-1.000000,-1.000000)=   -4 
    919 | (523.612610,429.389618)=    0 
    920 | (569.927612,966.117981)=    0 
    921 | (1821.680176,137.644882)=    0 
    922 | (1780.661255,276.650665)=    0 
    923 | (569.227539,91.527634)=    0 
    924 | (1756.812622,205.785934)=    0 
    925 | (878.894775,840.474243)=    0 
    926 | (1478.933105,671.792175)=    0 
    927 | (1343.053345,247.009369)=    0 
    928 | (792.040039,618.132874)=    0 
    929 | (1098.641968,192.290298)=    0 
    930 | (212.244186,580.980408)=    0 
    931 | (1593.573486,843.357971)=    0 
    932 | (1811.600952,328.485840)=    0 
    933 | (632.112183,972.325378)=    0 
    934 | (1381.473511,552.182129)=    0 
    935 | (1797.617676,978.726440)=    0 
    936 | (1753.614624,183.780838)=    0 
    937 | (1379.149292,895.347107)=    0 
    938 | (-1.000000,-1.000000)=   -4 
    939 | (933.176147,596.417236)=    0 
    940 | (586.675598,829.145386)=    0 
    941 | (140.311142,974.596741)=    0 
    942 | (1677.844971,469.516876)=    0 
    943 | (778.522583,968.752136)=    0 
    944 | (1352.707886,1007.525452)=    0 
    945 | (861.651917,855.875000)=    0 
    946 | (1216.095703,902.467651)=    0 
    947 | (619.430237,1041.595337)=    0 
    948 | (940.778137,948.616333)=    0 
    949 | (1027.134521,843.708435)=    0 
    950 | (694.477173,1012.204834)=    0 
    951 | (129.728882,697.235718)=    0 
    952 | (412.727051,413.067444)=    0 
    953 | (1790.359863,412.419556)=    0 
    954 | (1061.270752,104.435242)=    0 
    955 | (1074.004761,391.122375)=    0 
    956 | (1042.399658,208.869202)=    0 
    957 | (854.102539,1038.656738)=    0 
    958 | (-1.000000,-1.000000)=   -4 
    959 | (177.369064,432.130188)=    0 
    960 | (77.328140,58.572330)=    0 
    961 | (1077.955322,198.857315)=    0 
    962 | (1511.883911,587.172791)=    0 
    963 | (-1.000000,-1.000000)=   -4 
    964 | (1415.133179,430.572540)=    0 
    965 | (706.367554,940.586304)=    0 
    966 | (1181.343140,964.270813)=    0 
    967 | (1791.858521,860.354675)=    0 
    968 | (115.821373,556.506897)=    0 
    969 | (662.562256,899.287781)=    0 
    970 | (785.411682,862.103088)=    0 
    971 | (1140.131958,966.238464)=    0 
    972 | (407.460358,771.522095)=    0 
    973 | (171.871597,978.329712)=    0 
    974 | (1161.513550,837.354736)=    0 
    975 | (1782.148682,840.066528)=    0 
    976 | (944.145996,863.608276)=    0 
    977 | (220.308624,1004.585999)=    0 
    978 | (1639.131348,151.522598)=    0 
    979 | (647.947571,1002.241516)=    0 
    980 | (-1.000000,-1.000000)=   -4 
    981 | (1521.326660,444.931519)=    0 
    982 | (418.294220,297.030945)=    0 
    983 | (-1.000000,-1.000000)=   -4 
    984 | (967.703613,1015.955933)=    0 
    985 | (528.808289,193.657684)=    0 
    986 | (-1.000000,-1.000000)=   -4 
    987 | (1267.930664,490.657806)=    0 
    988 | (251.486038,83.310089)=    0 
    989 | (1340.180420,656.575989)=    0 
    990 | (1887.430054,817.921875)=    0 
    991 | (388.086517,410.661133)=    0 
    992 | (721.282898,833.616333)=    0 
    993 | (1528.276733,862.632202)=    0 
    994 | (613.312927,918.810974)=    0 
    995 | (1374.447998,430.444946)=    0 
    996 | (505.556610,223.640030)=    0 
    997 | (1072.706055,996.939087)=    0 
    998 | (1036.427979,908.417358)=    0 
    999 | (1662.049683,896.633667)=    0 
