0 0 668.000000 359.000000
1 0 665.575562 359.003723
0 1 689.000000 227.000000
1 1 686.463501 226.962708
0 2 595.000000 359.000000
1 2 592.548523 359.018555
0 3 664.000000 230.000000
1 3 661.578857 230.026154
0 4 62.000000 279.000000
1 4 61.495728 279.295715
0 5 601.000000 396.000000
1 5 598.560425 396.112061
0 6 668.000000 394.000000
1 6 665.555054 393.942932
0 8 682.000000 396.000000
1 8 679.446899 395.963440
0 9 107.000000 464.000000
1 9 104.774902 464.267212
0 10 389.000000 437.000000
1 10 386.476135 437.177002
0 11 622.000000 316.000000
1 11 619.514221 315.932373
0 13 -382.000000 270.000000
1 13 -384.386108 270.502899
0 14 -535.000000 424.000000
1 14 -537.520752 424.528992
0 15 228.000000 429.000000
1 15 225.732544 429.298981
0 16 692.000000 199.000000
1 16 689.554749 198.947540
0 17 205.000000 431.000000
1 17 202.531494 431.286957
0 18 -493.000000 270.000000
1 18 -495.377563 270.465332
0 19 449.000000 420.000000
1 19 446.454468 420.233978
0 20 221.000000 444.000000
1 20 218.676331 444.289734
0 21 304.000000 424.000000
1 21 301.522156 424.231415
0 22 107.000000 510.000000
1 22 104.735901 510.234070
0 23 -378.000000 232.000000
1 23 -380.271118 232.331268
0 24 333.000000 434.000000
1 24 330.503723 434.216309
0 25 93.000000 478.000000
1 25 90.621765 478.340881
0 26 587.000000 240.000000
1 26 584.528076 240.017303
0 27 564.000000 359.000000
1 27 561.730530 358.988464
0 28 647.000000 356.000000
1 28 644.533264 356.033813
0 29 647.000000 392.000000
1 29 644.551636 391.957916
0 30 376.000000 486.000000
1 30 373.581299 486.284149
0 31 565.000000 395.000000
1 31 562.539429 395.055847
0 32 313.000000 435.000000
1 32 310.501465 435.252899
0 33 316.000000 417.000000
1 33 313.527588 417.339569
0 34 379.000000 428.000000
1 34 376.565918 428.175476
0 35 120.000000 504.000000
1 35 117.604126 504.265991
0 36 605.000000 356.000000
1 36 602.684937 356.015656
0 37 647.000000 366.000000
1 37 644.440125 366.085999
0 38 30.000000 291.000000
1 38 29.362244 291.365234
0 39 662.000000 315.000000
1 39 659.475830 314.976318
0 40 679.000000 314.000000
1 40 676.518005 313.980560
0 41 281.000000 433.000000
1 41 278.653076 433.253815
0 42 589.000000 230.000000
1 42 586.469360 230.014008
0 43 -245.000000 425.000000
1 43 -247.462036 425.469574
0 44 215.000000 433.000000
1 44 212.786316 433.246399
0 45 50.000000 414.000000
1 45 47.703796 414.261444
0 46 683.000000 360.000000
1 46 680.471069 360.033875
0 47 107.000000 323.000000
1 47 104.727722 323.287109
0 48 94.000000 331.000000
1 48 91.781006 331.277100
0 49 202.000000 477.000000
1 49 199.557190 477.226501
0 50 235.000000 416.000000
1 50 232.788452 416.261780
0 51 37.000000 400.000000
1 51 34.747437 400.320740
0 52 207.000000 502.000000
1 52 204.545471 502.239441
0 53 -2.000000 294.000000
1 53 -2.616577 294.257935
0 54 -233.000000 144.000000
1 54 -235.223267 144.250031
0 55 193.000000 439.000000
1 55 190.601868 439.380096
0 56 347.000000 418.000000
1 56 344.540894 418.244293
0 57 604.000000 308.000000
1 57 601.579346 308.006897
0 58 -238.000000 198.000000
1 58 -240.286743 198.254730
0 59 263.000000 445.000000
1 59 260.584290 445.227356
0 60 664.000000 263.000000
1 60 661.526672 262.965149
0 61 565.000000 369.000000
1 61 562.594849 369.065735
0 62 -12.000000 293.000000
1 62 -13.767578 292.718506
0 63 110.000000 491.000000
1 63 107.500793 491.521759
0 64 604.000000 369.000000
1 64 601.577881 369.015076
0 65 431.000000 427.000000
1 65 428.506165 427.259460
0 66 -519.000000 142.000000
1 66 -521.193970 142.454590
0 67 636.000000 263.000000
1 67 633.530884 262.956482
0 68 436.000000 481.000000
1 68 433.546936 481.159271
0 69 -496.000000 346.000000
1 69 -498.481323 346.513245
0 70 326.000000 424.000000
1 70 323.565918 424.236908
0 71 608.000000 263.000000
1 71 605.480835 262.955475
0 72 739.000000 286.000000
1 72 736.616699 285.988892
0 73 369.000000 428.000000
1 73 366.432434 428.186066
0 74 -519.000000 266.000000
1 74 -521.426758 266.500641
0 75 38.000000 422.000000
1 75 35.817688 422.271973
0 76 442.000000 432.000000
1 76 439.506531 432.296661
0 77 724.000000 287.000000
1 77 721.537659 286.974762
0 78 178.000000 492.000000
1 78 175.516724 492.272308
0 79 692.000000 263.000000
1 79 689.510742 262.956543
0 80 -230.000000 251.000000
1 80 -232.282959 251.401398
0 81 621.000000 399.000000
1 81 618.485107 399.044800
0 82 577.000000 243.000000
1 82 574.514526 242.992645
0 83 624.000000 305.000000
1 83 621.548584 305.054169
0 84 38.000000 486.000000
1 84 35.707275 486.266388
0 85 -519.000000 346.000000
1 85 -521.518677 346.479767
0 86 544.000000 503.000000
1 86 541.604004 502.989716
0 87 96.000000 464.000000
1 87 93.619690 464.295471
0 88 87.000000 358.000000
1 88 84.764404 358.227173
0 89 584.000000 285.000000
1 89 581.577881 284.991241
0 90 85.000000 412.000000
1 90 82.613770 412.353241
0 91 593.000000 308.000000
1 91 590.403320 307.989349
0 92 702.000000 195.000000
1 92 699.513550 194.964417
0 93 731.000000 263.000000
1 93 728.508179 262.980072
0 94 212.000000 470.000000
1 94 209.511047 470.297546
0 95 244.000000 433.000000
1 95 241.696533 433.211548
0 96 634.000000 237.000000
1 96 631.467957 237.042969
0 97 680.000000 304.000000
1 97 677.507996 304.015045
0 98 -524.000000 254.000000
1 98 -526.419067 254.454071
0 99 39.000000 329.000000
1 99 36.741882 329.308441
0 100 -121.000000 515.000000
1 100 -123.489990 515.461548
0 101 40.000000 293.000000
1 101 38.271484 293.695496
0 102 621.000000 360.000000
1 102 618.535767 359.994476
0 103 76.000000 368.000000
1 103 73.715759 368.367645
0 104 386.000000 479.000000
1 104 383.588318 479.393890
0 105 -201.000000 426.000000
1 105 -203.457275 426.412964
0 106 445.000000 493.000000
1 106 442.479065 493.172424
0 107 27.000000 421.000000
1 107 24.747864 421.267944
0 108 607.000000 253.000000
1 108 604.455688 253.083496
0 109 519.000000 509.000000
1 109 516.489502 508.974731
0 110 -422.000000 404.000000
1 110 -424.500732 404.567017
0 111 547.000000 322.000000
1 111 544.743835 322.164551
0 112 -245.000000 415.000000
1 112 -247.485840 415.507874
0 113 132.000000 471.000000
1 113 129.719788 471.298615
0 114 408.000000 485.000000
1 114 405.530884 485.285706
0 115 682.000000 455.000000
1 115 679.463135 455.279449
0 116 120.000000 494.000000
1 116 117.644592 494.303040
0 117 201.000000 492.000000
1 117 198.535400 492.229370
0 118 650.000000 227.000000
1 118 647.580139 226.971527
0 119 -448.000000 410.000000
1 119 -450.509277 410.550446
0 120 97.000000 503.000000
1 120 94.524475 503.373535
0 121 759.000000 85.000000
1 121 756.520630 84.969666
0 122 73.000000 277.000000
1 122 70.764587 277.290863
0 123 -220.000000 434.000000
1 123 -222.493774 434.416992
0 124 732.000000 184.000000
1 124 729.547913 183.964508
0 125 -620.000000 81.000000
1 125 -622.253296 81.270782
0 126 701.000000 227.000000
1 126 698.437073 226.948944
0 127 -509.000000 144.000000
1 127 -511.234131 144.366455
0 128 524.000000 6.000000
1 128 521.771851 6.013916
0 129 618.000000 462.000000
1 129 615.449768 462.023712
0 130 -213.000000 382.000000
1 130 -215.514404 382.551392
0 131 634.000000 307.000000
1 131 631.506165 307.023132
0 132 -223.000000 389.000000
1 132 -225.410767 389.599976
0 133 53.000000 474.000000
1 133 50.699890 474.349426
0 134 67.000000 422.000000
1 134 64.579041 422.321716
0 135 449.000000 410.000000
1 135 446.470520 410.255676
0 136 455.000000 486.000000
1 136 452.606812 486.173828
0 137 48.000000 402.000000
1 137 45.723511 402.286377
0 138 831.000000 75.000000
1 138 828.523071 75.025391
0 139 444.000000 307.000000
1 139 441.651245 307.397095
0 140 212.000000 482.000000
1 140 209.699341 482.244751
0 141 799.000000 86.000000
1 141 796.516113 85.984833
0 142 -102.000000 500.000000
1 142 -104.490479 500.461151
0 143 24.000000 476.000000
1 143 21.516907 476.364136
0 145 104.000000 333.000000
1 145 101.784119 333.342834
0 146 62.000000 484.000000
1 146 59.648804 484.324554
0 147 343.000000 428.000000
1 147 340.482910 428.294067
0 148 -373.000000 167.000000
1 148 -375.277466 167.200012
0 149 103.000000 481.000000
1 149 100.529663 481.540039
0 150 93.000000 514.000000
1 150 90.660156 514.371033
0 151 -185.000000 209.000000
1 151 -187.214966 209.230713
0 152 702.000000 323.000000
1 152 699.499084 323.023590
0 153 -235.000000 393.000000
1 153 -237.457520 393.566620
0 154 647.000000 334.000000
1 154 644.492065 334.019714
0 155 572.000000 465.000000
1 155 569.531006 465.061005
0 156 -507.000000 328.000000
1 156 -509.501343 328.490784
0 157 -173.000000 422.000000
1 157 -175.479492 422.544373
0 158 -201.000000 248.000000
1 158 -203.310547 248.362274
0 159 225.000000 -133.000000
1 159 223.056030 -133.003845
0 160 29.000000 328.000000
1 160 26.611145 328.317383
0 161 67.000000 401.000000
1 161 64.726990 401.261169
0 162 -249.000000 440.000000
1 162 -251.483765 440.554596
0 163 291.000000 438.000000
1 163 288.793335 438.241333
0 164 434.000000 491.000000
1 164 431.510681 491.200256
0 165 -247.000000 405.000000
1 165 -249.479492 405.450684
0 166 27.000000 395.000000
1 166 24.563110 395.328094
0 168 -35.000000 438.000000
1 168 -37.325745 438.338593
0 169 8.000000 287.000000
1 169 6.196655 287.186127
0 170 -617.000000 112.000000
1 170 -619.197021 112.304932
0 171 83.000000 425.000000
1 171 80.449341 425.397705
0 172 -239.000000 -55.000000
1 172 -240.937256 -54.964294
0 173 423.000000 500.000000
1 173 420.607117 500.239319
0 174 614.000000 306.000000
1 174 611.473999 305.965515
0 175 83.000000 378.000000
1 175 80.750610 378.338654
0 176 534.000000 334.000000
1 176 531.558167 334.198059
0 177 560.000000 34.000000
1 177 557.810425 33.989044
0 178 147.000000 469.000000
1 178 144.613953 469.298645
0 179 430.000000 316.000000
1 179 427.679810 316.390808
0 180 -506.000000 317.000000
1 180 -508.474854 317.512512
0 181 48.000000 381.000000
1 181 45.672424 381.412506
0 182 85.000000 341.000000
1 182 82.747620 341.273926
0 183 -188.000000 90.000000
1 183 -190.040527 90.229309
0 184 593.000000 335.000000
1 184 590.391785 335.031830
0 185 -66.000000 476.000000
1 185 -68.439575 476.442383
0 186 -186.000000 241.000000
1 186 -188.195312 241.301270
0 188 707.000000 15.000000
1 188 704.758911 15.003540
0 189 655.000000 460.000000
1 189 652.406128 460.059906
0 190 605.000000 335.000000
1 190 602.596436 334.989410
0 191 305.000000 35.000000
1 191 303.073303 34.994385
0 192 721.000000 265.000000
1 192 718.481934 265.032684
0 193 253.000000 443.000000
1 193 250.507812 443.174561
0 194 544.000000 333.000000
1 194 541.657959 333.028107
0 195 539.000000 304.000000
1 195 536.557495 304.061340
0 196 83.000000 477.000000
1 196 80.729736 477.373566
0 197 558.000000 264.000000
1 197 555.511841 263.961334
0 198 -528.000000 312.000000
1 198 -530.493286 312.748840
0 199 -198.000000 381.000000
1 199 -200.453491 381.603729
0 200 672.000000 334.000000
1 200 669.619019 333.995117
0 201 123.000000 276.000000
1 201 120.668091 276.163513
0 202 -506.000000 283.000000
1 202 -508.493042 283.518433
0 203 541.000000 285.000000
1 203 538.600708 284.981873
0 204 798.000000 76.000000
1 204 795.495056 75.963531
0 206 -251.000000 163.000000
1 206 -253.219238 163.248932
0 207 -497.000000 334.000000
1 207 -499.564087 334.545898
0 208 -224.000000 456.000000
1 208 -226.490845 456.484070
0 209 821.000000 70.000000
1 209 818.495789 70.028107
0 210 821.000000 82.000000
1 210 818.492859 81.994568
0 211 -517.000000 333.000000
1 211 -519.431152 333.507141
0 212 524.000000 16.000000
1 212 521.780029 16.011536
0 213 59.000000 334.000000
1 213 56.830627 334.290344
0 214 -83.000000 487.000000
1 214 -85.458618 487.371582
0 215 -505.000000 300.000000
1 215 -507.549194 300.492737
0 216 553.000000 294.000000
1 216 550.608826 294.015320
0 217 52.000000 424.000000
1 217 49.739563 424.338196
0 218 72.000000 287.000000
1 218 69.807983 287.191589
0 219 -52.000000 465.000000
1 219 -54.245544 465.195038
0 220 -237.000000 159.000000
1 220 -239.191895 159.257904
0 221 -668.000000 429.000000
1 221 -670.709839 429.697235
0 222 162.000000 481.000000
1 222 159.703369 481.362396
0 223 -160.000000 415.000000
1 223 -162.470337 415.532654
0 224 665.000000 219.000000
1 224 662.531128 219.247040
0 225 74.000000 347.000000
1 225 71.740601 347.319916
0 226 534.000000 509.000000
1 226 531.535645 509.013123
0 227 -173.000000 435.000000
1 227 -175.459473 435.418823
0 228 188.000000 495.000000
1 228 185.581604 495.210327
0 229 -528.000000 298.000000
1 229 -530.465576 298.321869
0 230 -504.000000 359.000000
1 230 -506.431152 359.417114
0 231 22.000000 488.000000
1 231 19.581909 488.340393
0 232 -209.000000 200.000000
1 232 -211.274658 200.234406
0 233 -82.000000 503.000000
1 233 -84.488037 503.443817
0 234 -412.000000 402.000000
1 234 -414.518799 402.540710
0 235 786.000000 75.000000
1 235 783.502991 74.925903
0 236 39.000000 357.000000
1 236 36.852722 357.262390
0 237 -616.000000 101.000000
1 237 -618.215210 101.261383
0 238 -225.000000 444.000000
1 238 -227.573486 444.581696
0 239 27.000000 432.000000
1 239 24.749939 432.296417
0 240 -505.000000 273.000000
1 240 -507.479492 273.523254
0 241 784.000000 87.000000
1 241 781.562744 86.930817
0 242 785.000000 20.000000
1 242 782.744324 19.996765
0 243 -198.000000 515.000000
1 243 -200.477661 515.526123
0 244 548.000000 35.000000
1 244 545.698853 35.006561
0 245 -61.000000 436.000000
1 245 -63.324646 436.309601
0 246 85.000000 391.000000
1 246 82.687439 391.348724
0 247 -186.000000 426.000000
1 247 -188.562012 426.505615
0 248 565.000000 336.000000
1 248 562.607544 336.128784
0 249 -658.000000 137.000000
1 249 -660.215698 137.277679
0 250 562.000000 305.000000
1 250 559.561768 305.029053
0 251 -446.000000 451.000000
1 251 -448.515137 451.537109
0 252 700.000000 25.000000
1 252 697.752380 24.979858
0 253 -147.000000 425.000000
1 253 -149.345825 425.405365
0 254 534.000000 498.000000
1 254 531.524292 498.019897
0 255 722.000000 173.000000
1 255 719.486389 173.017334
0 256 522.000000 476.000000
1 256 519.427429 476.200928
0 257 89.000000 446.000000
1 257 86.584351 446.216705
0 258 -123.000000 400.000000
1 258 -125.332520 400.385864
0 259 739.000000 237.000000
1 259 736.452637 236.978119
0 260 -203.000000 448.000000
1 260 -205.470703 448.448792
0 261 83.000000 463.000000
1 261 80.678833 463.299561
0 262 301.000000 440.000000
1 262 298.540405 440.220184
0 263 -188.000000 507.000000
1 263 -190.522949 507.584045
0 264 -794.000000 428.000000
1 264 -796.738770 428.657288
0 265 -221.000000 134.000000
1 265 -223.098633 134.245026
0 266 -12.000000 283.000000
1 266 -13.473511 282.953308
0 267 686.000000 62.000000
1 267 683.739258 61.960419
0 268 83.000000 513.000000
1 268 80.644470 513.427734
0 269 436.000000 469.000000
1 269 433.560303 469.140839
0 270 445.000000 400.000000
1 270 442.569946 400.200195
0 271 662.000000 334.000000
1 271 659.360840 333.989624
0 272 253.000000 -178.000000
1 272 251.057800 -178.015381
0 273 -545.000000 425.000000
1 273 -547.564087 425.571228
0 274 51.000000 324.000000
1 274 48.603699 324.266418
0 275 -595.000000 141.000000
1 275 -597.417114 141.325104
0 276 -598.000000 116.000000
1 276 -600.346436 116.275848
0 277 220.000000 501.000000
1 277 217.619202 501.315125
0 278 540.000000 239.000000
1 278 537.590210 239.041626
0 279 95.000000 348.000000
1 279 92.801575 348.288757
0 280 915.000000 290.000000
1 280 912.257996 290.001953
0 281 29.000000 301.000000
1 281 26.734497 302.165161
0 282 -378.000000 386.000000
1 282 -380.499023 386.582336
0 283 -77.000000 445.000000
1 283 -79.242554 445.420837
0 284 -460.000000 252.000000
1 284 -462.551147 252.425293
0 285 -96.000000 456.000000
1 285 -98.295654 456.583557
0 286 -373.000000 138.000000
1 286 -375.260986 138.243927
0 287 619.000000 336.000000
1 287 616.518677 336.003601
0 288 326.000000 414.000000
1 288 323.575623 414.244690
0 289 -610.000000 72.000000
1 289 -612.437378 72.487732
0 290 -77.000000 382.000000
1 290 -79.379761 382.479767
0 291 -162.000000 492.000000
1 291 -164.493042 492.505676
0 292 -573.000000 143.000000
1 292 -575.507935 143.277435
0 293 38.000000 279.000000
1 293 37.513123 279.279846
0 294 -663.000000 452.000000
1 294 -665.685669 452.725037
0 295 -922.000000 427.000000
1 295 -924.942261 427.726868
0 296 594.000000 369.000000
1 296 591.426392 369.085754
0 297 59.000000 353.000000
1 297 56.761841 353.215149
0 298 63.000000 474.000000
1 298 60.684326 474.246216
0 299 -115.000000 466.000000
1 299 -117.444214 466.540253
0 300 60.000000 290.000000
1 300 57.751099 290.950867
0 301 -66.000000 490.000000
1 301 -68.443115 490.424835
0 302 -506.000000 412.000000
1 302 -508.563232 412.623566
0 303 75.000000 335.000000
1 303 72.770447 335.274536
0 304 -60.000000 375.000000
1 304 -62.509888 375.548767
0 305 436.000000 455.000000
1 305 433.639587 455.230591
0 306 358.000000 424.000000
1 306 355.558044 424.245911
0 307 567.000000 44.000000
1 307 564.861145 43.963074
0 308 660.000000 305.000000
1 308 657.508301 305.103241
0 309 471.000000 -358.000000
1 309 469.232727 -357.943909
0 310 17.000000 401.000000
1 310 14.711304 401.269958
0 311 57.000000 364.000000
1 311 54.754089 364.307556
0 312 769.000000 41.000000
1 312 766.722778 40.999695
0 313 -136.000000 405.000000
1 313 -138.571899 405.486786
0 314 34.000000 476.000000
1 314 31.572693 476.201111
0 315 93.000000 489.000000
1 315 90.701050 489.247711
0 316 543.000000 25.000000
1 316 540.772339 24.945923
0 317 -104.000000 406.000000
1 317 -106.445435 406.442688
0 318 -137.000000 478.000000
1 318 -139.504639 478.582397
0 319 83.000000 436.000000
1 319 80.543884 436.701782
0 320 -125.000000 415.000000
1 320 -127.443604 415.441193
0 321 -95.000000 389.000000
1 321 -97.366455 389.516571
0 322 -538.000000 452.000000
1 322 -540.580078 452.502350
0 323 -509.000000 349.000000
1 323 -511.414917 349.509033
0 324 67.000000 378.000000
1 324 64.649719 378.360168
0 325 113.000000 474.000000
1 325 110.635132 474.437531
0 326 453.000000 433.000000
1 326 450.449829 433.273743
0 327 69.000000 357.000000
1 327 66.734375 357.293213
0 328 57.000000 435.000000
1 328 54.776062 435.258179
0 329 0.000000 304.000000
1 329 -2.024963 304.253601
0 330 739.000000 89.000000
1 330 736.620911 89.143280
0 331 -567.000000 123.000000
1 331 -569.285645 123.481537
0 332 637.000000 34.000000
1 332 634.669067 34.029449
0 333 -513.000000 -90.000000
1 333 -515.012817 -89.859680
0 334 -820.000000 428.000000
1 334 -822.849365 428.666473
0 335 -694.000000 429.000000
1 335 -696.735474 429.613312
0 336 612.000000 318.000000
1 336 609.479980 318.026062
0 337 580.000000 105.000000
1 337 577.745605 104.938873
0 338 690.000000 308.000000
1 338 687.505798 308.023926
0 339 556.000000 19.000000
1 339 553.774475 18.996521
0 340 -50.000000 478.000000
1 340 -52.352966 478.377563
0 341 27.000000 405.000000
1 341 24.812195 405.225769
0 342 391.000000 469.000000
1 342 388.563660 469.273956
0 343 436.000000 413.000000
1 343 433.592651 413.138214
0 344 -18.000000 321.000000
1 344 -20.270081 321.210632
0 345 28.000000 356.000000
1 345 25.601257 356.226685
0 346 760.000000 75.000000
1 346 757.701111 75.110596
0 347 127.000000 514.000000
1 347 124.486511 514.287476
0 348 -195.000000 -32.000000
1 348 -196.898438 -31.695557
0 349 647.000000 318.000000
1 349 644.490234 318.036682
0 350 -146.000000 488.000000
1 350 -148.455444 488.657349
0 351 -172.000000 501.000000
1 351 -174.560181 501.578857
0 352 -695.000000 450.000000
1 352 -697.773682 450.668427
0 353 -427.000000 454.000000
1 353 -429.582275 454.503845
0 354 -414.000000 452.000000
1 354 -416.421509 452.488403
0 355 496.000000 -25.000000
1 355 494.030975 -24.998108
0 356 -498.000000 -81.000000
1 356 -500.217773 -80.782471
0 357 503.000000 485.000000
1 357 500.517578 485.035645
0 358 448.000000 465.000000
1 358 445.414124 465.101257
0 359 860.000000 237.000000
1 359 857.280518 237.012543
0 360 -77.000000 394.000000
1 360 -79.337280 394.284424
0 361 522.000000 466.000000
1 361 519.476990 466.298462
0 362 513.000000 15.000000
1 362 510.789581 15.019043
0 363 123.000000 484.000000
1 363 120.596008 484.228516
0 364 337.000000 416.000000
1 364 334.508789 416.248505
0 365 -114.000000 411.000000
1 365 -116.319946 411.390045
0 366 811.000000 240.000000
1 366 808.409912 240.065887
0 367 472.000000 -24.000000
1 367 470.023376 -24.013916
0 368 2.000000 277.000000
1 368 1.309753 277.375153
0 369 -147.000000 127.000000
1 369 -149.182007 127.272552
0 370 -513.000000 154.000000
1 370 -515.310059 154.371765
0 371 -578.000000 429.000000
1 371 -580.596924 429.606232
0 372 702.000000 268.000000
1 372 699.514526 267.977509
0 373 919.000000 241.000000
1 373 916.328613 240.980621
0 374 -214.000000 456.000000
1 374 -216.277588 456.496643
0 375 193.000000 450.000000
1 375 190.543091 450.322144
0 376 -570.000000 449.000000
1 376 -572.694336 449.459473
0 377 591.000000 105.000000
1 377 588.790222 105.012177
0 378 -704.000000 429.000000
1 378 -706.769653 429.492126
0 379 124.000000 299.000000
1 379 121.757629 299.105133
0 380 543.000000 228.000000
1 380 540.582886 228.039795
0 381 -789.000000 452.000000
1 381 -791.646240 452.719055
0 382 -135.000000 421.000000
1 382 -137.481323 421.478180
0 383 -823.000000 451.000000
1 383 -825.968872 451.721893
0 384 436.000000 374.000000
1 384 433.671631 374.216064
0 385 -163.000000 429.000000
1 385 -165.443237 429.390656
0 386 -185.000000 443.000000
1 386 -187.480225 443.485016
0 387 273.000000 443.000000
1 387 270.399963 443.437500
0 388 568.000000 267.000000
1 388 565.479126 267.041687
0 389 -212.000000 49.000000
1 389 -213.964966 49.306641
0 390 -44.000000 368.000000
1 390 -46.389526 368.455383
0 391 -43.000000 379.000000
1 391 -45.255798 379.269165
0 392 759.000000 236.000000
1 392 756.420227 236.017517
0 393 -662.000000 222.000000
1 393 -664.469116 222.448456
0 394 868.000000 44.000000
1 394 865.491882 44.051575
0 395 -630.000000 85.000000
1 395 -632.349731 85.224731
0 396 -427.000000 347.000000
1 396 -429.530029 347.595520
0 397 -831.000000 428.000000
1 397 -833.936768 428.833313
0 398 53.000000 392.000000
1 398 50.786621 392.227112
0 399 -675.000000 452.000000
1 399 -677.761597 452.735199
0 400 -710.000000 81.000000
1 400 -712.460083 81.313538
0 401 -125.000000 474.000000
1 401 -127.478882 474.505981
0 402 172.000000 482.000000
1 402 169.527283 482.172180
0 403 -188.000000 373.000000
1 403 -190.448730 373.520996
0 404 -62.000000 385.000000
1 404 -64.385864 385.269226
0 405 -240.000000 466.000000
1 405 -242.460815 466.456024
0 406 430.000000 510.000000
1 406 427.591919 510.170898
0 407 -610.000000 85.000000
1 407 -612.265015 85.210876
0 408 73.000000 471.000000
1 408 70.549866 471.345917
0 409 -694.000000 -86.000000
1 409 -696.162598 -85.818115
0 410 393.000000 457.000000
1 410 390.557312 457.188293
0 411 706.000000 41.000000
1 411 703.735718 41.005707
0 412 512.000000 473.000000
1 412 509.577576 473.139526
0 413 621.000000 41.000000
1 413 618.693665 40.979675
0 414 645.000000 306.000000
1 414 642.559753 306.104401
0 415 -624.000000 125.000000
1 415 -626.337646 125.468689
0 416 -239.000000 440.000000
1 416 -241.507446 440.499481
0 417 -43.000000 428.000000
1 417 -45.299805 428.250000
0 418 60.000000 411.000000
1 418 57.834595 411.177856
0 419 665.000000 462.000000
1 419 662.294373 462.127258
0 420 -418.000000 162.000000
1 420 -420.312622 162.193695
0 421 -190.000000 334.000000
1 421 -192.420776 334.398987
0 422 -210.000000 333.000000
1 422 -212.459229 333.458496
0 423 576.000000 310.000000
1 423 573.502502 309.999146
0 424 552.000000 312.000000
1 424 549.530334 312.039856
0 425 -192.000000 199.000000
1 425 -194.271484 199.235016
0 426 -612.000000 -111.000000
1 426 -613.993408 -110.808838
0 427 -228.000000 337.000000
1 427 -230.437256 337.512146
0 428 -290.000000 -54.000000
1 428 -291.912720 -53.813782
0 429 -219.000000 198.000000
1 429 -221.330444 198.204132
0 430 -147.000000 410.000000
1 430 -149.414551 410.523010
0 431 32.000000 461.000000
1 431 29.504761 461.254272
0 432 702.000000 258.000000
1 432 699.426880 257.913696
0 433 162.000000 192.000000
1 433 159.990845 191.985626
0 434 731.000000 31.000000
1 434 728.764465 31.028229
0 435 631.000000 333.000000
1 435 628.539429 332.990479
0 436 -651.000000 85.000000
1 436 -653.263550 85.202698
0 437 -424.000000 249.000000
1 437 -426.330933 249.376495
0 438 -632.000000 -300.000000
1 438 -633.960815 -299.987488
0 439 446.000000 509.000000
1 439 443.540833 509.182312
0 440 -429.000000 394.000000
1 440 -431.667358 394.602661
0 441 -94.000000 402.000000
1 441 -96.527344 402.467590
0 442 69.000000 391.000000
1 442 66.606628 391.298645
0 443 -565.000000 -116.000000
1 443 -567.053589 -115.828003
0 444 -240.000000 253.000000
1 444 -242.219727 253.358429
0 445 206.000000 515.000000
1 445 203.396606 515.293213
0 446 -631.000000 287.000000
1 446 -633.561890 287.472992
0 447 -514.000000 253.000000
1 447 -516.401733 253.493286
0 448 564.000000 -5.000000
1 448 561.710449 -5.066101
0 449 -565.000000 -13.000000
1 449 -567.267334 -12.709839
0 450 -137.000000 128.000000
1 450 -139.245117 128.297577
0 451 889.000000 25.000000
1 451 886.534973 24.811707
0 452 -571.000000 0.000000
1 452 -573.328979 0.312317
0 453 -692.000000 -19.000000
1 453 -694.266357 -18.743958
0 454 -28.000000 325.000000
1 454 -30.246582 325.277222
0 455 475.000000 -283.000000
1 455 473.032867 -282.995117
0 456 -551.000000 449.000000
1 456 -553.799561 449.472778
0 457 0.000000 417.000000
1 457 -2.250732 417.473541
0 458 -527.000000 -102.000000
1 458 -529.115967 -101.798218
0 459 543.000000 265.000000
1 459 540.558960 265.027832
0 460 -234.000000 383.000000
1 460 -236.466797 383.455414
0 461 -261.000000 176.000000
1 461 -263.193481 176.239105
0 462 -647.000000 1.000000
1 462 -649.291992 1.203064
0 463 463.000000 431.000000
1 463 460.529633 431.282623
0 464 627.000000 -90.000000
1 464 624.772827 -89.962280
0 465 8.000000 330.000000
1 465 5.793701 330.362854
0 466 -555.000000 -5.000000
1 466 -557.204346 -4.759216
0 467 -354.000000 -32.000000
1 467 -355.976929 -31.693909
0 468 809.000000 92.000000
1 468 806.532104 92.014069
0 469 -565.000000 91.000000
1 469 -567.275757 91.286194
0 470 81.000000 488.000000
1 470 78.513306 488.481995
0 471 868.000000 -217.000000
1 471 865.798340 -217.047058
0 472 863.000000 54.000000
1 472 860.554688 54.024780
0 473 -465.000000 402.000000
1 473 -467.492676 402.500275
0 474 -467.000000 35.000000
1 474 -469.260376 35.206909
0 475 -373.000000 259.000000
1 475 -375.295898 259.495056
0 476 -484.000000 113.000000
1 476 -486.243530 113.197479
0 477 -233.000000 430.000000
1 477 -235.473022 430.453033
0 478 -640.000000 419.000000
1 478 -642.735474 419.715698
0 479 491.000000 -85.000000
1 479 489.031219 -84.985535
0 480 -651.000000 -15.000000
1 480 -653.277466 -14.767212
0 481 -745.000000 417.000000
1 481 -747.836792 417.656403
0 482 -613.000000 430.000000
1 482 -615.754272 430.743073
0 483 426.000000 479.000000
1 483 423.476013 479.154663
0 484 231.000000 -157.000000
1 484 229.072144 -156.958069
0 485 -255.000000 424.000000
1 485 -257.395630 424.519714
0 486 -488.000000 421.000000
1 486 -490.531860 421.626465
0 487 -671.000000 48.000000
1 487 -673.265991 48.251526
0 488 564.000000 405.000000
1 488 561.505981 405.019104
0 489 -595.000000 7.000000
1 489 -597.211182 7.275024
0 490 -105.000000 393.000000
1 490 -107.335205 393.530334
0 491 -351.000000 108.000000
1 491 -353.474121 108.250153
0 492 -384.000000 259.000000
1 492 -386.168823 259.676880
0 493 891.000000 5.000000
1 493 888.525940 4.941833
0 494 -33.000000 449.000000
1 494 -35.233765 449.504791
0 495 508.000000 302.000000
1 495 505.617798 302.204315
0 496 842.000000 -239.000000
1 496 839.772888 -238.997070
0 497 -802.000000 452.000000
1 497 -804.990967 452.742706
0 498 -690.000000 263.000000
1 498 -692.492188 263.492096
0 499 670.000000 304.000000
1 499 667.509460 304.004852
0 500 -616.000000 -60.000000
1 500 -618.279053 -59.744934
0 501 701.000000 313.000000
1 501 698.495361 312.998016
0 502 -537.000000 -109.000000
1 502 -539.156128 -108.785950
0 503 58.000000 494.000000
1 503 55.882385 494.355164
0 504 588.000000 258.000000
1 504 585.530334 258.005768
0 505 482.000000 515.000000
1 505 479.474579 515.090698
0 506 672.000000 324.000000
1 506 669.665771 323.969849
0 507 -261.000000 166.000000
1 507 -263.256958 166.287811
0 508 501.000000 446.000000
1 508 498.497955 446.347870
0 509 857.000000 -230.000000
1 509 854.747620 -230.052185
0 510 674.000000 61.000000
1 510 671.742798 60.986267
0 512 -850.000000 417.000000
1 512 -852.960205 417.732727
0 513 -567.000000 -23.000000
1 513 -569.231445 -22.678711
0 514 -149.000000 511.000000
1 514 -151.507324 511.521362
0 515 -610.000000 135.000000
1 515 -612.325806 135.529846
0 516 758.000000 47.000000
1 516 755.793030 46.969238
0 517 -619.000000 -101.000000
1 517 -621.041504 -100.745911
0 518 802.000000 230.000000
1 518 799.425171 229.979645
0 519 760.000000 63.000000
1 519 757.736938 63.070587
0 520 -599.000000 32.000000
1 520 -601.241211 32.260071
0 521 598.000000 268.000000
1 521 595.498962 268.029419
0 522 -594.000000 -4.000000
1 522 -596.285156 -3.829468
0 523 -476.000000 81.000000
1 523 -478.213013 81.248291
0 524 -628.000000 95.000000
1 524 -630.320435 95.213318
0 525 -702.000000 33.000000
1 525 -704.433716 33.523804
0 526 -479.000000 -87.000000
1 526 -481.107544 -86.737976
0 527 -931.000000 452.000000
1 527 -933.986328 452.756470
0 528 -567.000000 27.000000
1 528 -569.271606 27.246948
0 529 -151.000000 290.000000
1 529 -153.319458 290.319885
0 530 579.000000 230.000000
1 530 576.528442 230.091095
0 531 -535.000000 25.000000
1 531 -537.275146 25.284729
0 532 -596.000000 -35.000000
1 532 -598.282104 -34.758728
0 533 522.000000 495.000000
1 533 519.500610 495.092010
0 534 517.000000 321.000000
1 534 514.548828 321.060730
0 535 38.000000 377.000000
1 535 35.690430 377.324158
0 536 634.000000 22.000000
1 536 631.733765 22.055298
0 537 -686.000000 -76.000000
1 537 -688.234131 -75.751221
0 538 416.000000 432.000000
1 538 413.519226 432.253387
0 539 545.000000 45.000000
1 539 542.713623 45.026550
0 540 -714.000000 109.000000
1 540 -716.442261 109.351013
0 541 479.000000 451.000000
1 541 476.464996 451.186432
0 542 86.000000 368.000000
1 542 83.792908 368.394653
0 543 538.000000 6.000000
1 543 535.943054 5.923462
0 544 -541.000000 414.000000
1 544 -543.450928 414.489746
0 545 -33.000000 421.000000
1 545 -35.251892 421.283752
0 546 74.000000 412.000000
1 546 71.744263 412.241180
0 547 -243.000000 147.000000
1 547 -245.204102 147.293549
0 548 -932.000000 429.000000
1 548 -934.990356 429.795929
0 549 -229.000000 -50.000000
1 549 -230.931641 -49.973145
0 550 -550.000000 -35.000000
1 550 -552.155518 -34.770874
0 551 215.000000 -127.000000
1 551 213.077942 -126.990417
0 552 906.000000 -254.000000
1 552 903.768066 -254.002136
0 553 17.000000 422.000000
1 553 14.726562 422.298126
0 554 544.000000 60.000000
1 554 541.765198 60.015961
0 555 809.000000 177.000000
1 555 806.298035 177.037109
0 556 -502.000000 -69.000000
1 556 -504.241699 -68.748108
0 557 694.000000 125.000000
1 557 691.572510 124.898804
0 558 728.000000 57.000000
1 558 725.459839 56.984985
0 559 208.000000 -93.000000
1 559 206.216309 -93.080200
0 560 -402.000000 31.000000
1 560 -404.224243 31.373413
0 561 -372.000000 242.000000
1 561 -374.283325 242.340454
0 562 697.000000 11.000000
1 562 694.726135 10.952942
0 563 -187.000000 -9.000000
1 563 -189.002808 -8.893616
0 564 50.000000 294.000000
1 564 47.628723 294.436035
0 565 798.000000 -25.000000
1 565 795.794739 -25.026917
0 566 -917.000000 452.000000
1 566 -919.924072 452.754852
0 567 -72.000000 500.000000
1 567 -74.389404 500.444183
0 568 875.000000 -74.000000
1 568 872.665527 -74.175110
0 569 196.000000 467.000000
1 569 193.505493 467.259949
0 570 -537.000000 9.000000
1 570 -539.238892 9.260315
0 571 -387.000000 167.000000
1 571 -389.300293 167.285797
0 572 -232.000000 29.000000
1 572 -234.232300 29.193359
0 573 50.000000 274.000000
1 573 49.640686 274.695526
0 574 -460.000000 74.000000
1 574 -462.184570 74.198120
0 575 501.000000 -88.000000
1 575 498.999084 -87.946533
0 576 494.000000 507.000000
1 576 491.521698 507.015656
0 577 -332.000000 -41.000000
1 577 -334.083008 -40.816467
0 578 453.000000 455.000000
1 578 450.454681 455.162476
0 579 782.000000 -27.000000
1 579 779.747559 -27.005554
0 580 480.000000 441.000000
1 580 477.446838 441.342255
0 581 -229.000000 14.000000
1 581 -231.234009 14.228943
0 582 -56.000000 488.000000
1 582 -58.392395 488.395874
0 583 716.000000 39.000000
1 583 713.762695 38.974884
0 584 112.000000 298.000000
1 584 109.703003 298.200500
0 585 52.000000 484.000000
1 585 49.695862 484.278503
0 586 -518.000000 318.000000
1 586 -520.442627 318.810791
0 587 583.000000 64.000000
1 587 580.768433 63.945801
0 588 -16.000000 362.000000
1 588 -18.267151 362.415100
0 589 38.000000 410.000000
1 589 35.766602 410.299683
0 590 -403.000000 43.000000
1 590 -405.355103 43.287872
0 591 648.000000 41.000000
1 591 645.726685 41.034637
0 592 28.000000 500.000000
1 592 25.592957 500.413666
0 593 99.000000 454.000000
1 593 96.652832 454.190186
0 594 -90.000000 513.000000
1 594 -92.420288 513.397705
0 595 -624.000000 -48.000000
1 595 -626.263062 -47.753845
0 596 403.000000 455.000000
1 596 400.533691 455.267242
0 597 -390.000000 247.000000
1 597 -392.485840 247.555115
0 598 -368.000000 449.000000
1 598 -370.689087 449.541138
0 599 -10.000000 334.000000
1 599 -12.286438 334.281982
0 600 -105.000000 466.000000
1 600 -107.341553 466.737305
0 601 -378.000000 47.000000
1 601 -380.190308 47.207031
0 602 -322.000000 -20.000000
1 602 -323.970337 -19.725159
0 603 696.000000 66.000000
1 603 693.755981 66.084717
0 604 450.000000 384.000000
1 604 447.678955 384.312073
0 605 -503.000000 -92.000000
1 605 -505.217285 -91.769531
0 606 402.000000 506.000000
1 606 399.383057 506.241730
0 607 634.000000 52.000000
1 607 631.727295 51.997284
0 608 -442.000000 44.000000
1 608 -444.317993 44.221008
0 609 -520.000000 276.000000
1 609 -522.391968 276.501312
0 610 -249.000000 -28.000000
1 610 -250.970459 -27.753723
0 611 20.000000 288.000000
1 611 19.410217 288.273621
0 612 -214.000000 -31.000000
1 612 -216.018066 -30.746704
0 613 -454.000000 155.000000
1 613 -456.174683 155.416046
0 614 -552.000000 146.000000
1 614 -554.178101 146.373840
0 615 -651.000000 -112.000000
1 615 -653.250122 -111.729675
0 616 48.000000 499.000000
1 616 45.733643 499.262024
0 617 -270.000000 -56.000000
1 617 -271.971069 -55.757629
0 618 -568.000000 430.000000
1 618 -570.381958 430.768311
0 619 926.000000 292.000000
1 619 923.252991 292.020721
0 620 907.000000 -41.000000
1 620 904.516357 -40.985413
0 621 720.000000 14.000000
1 621 717.736877 13.948242
0 622 684.000000 26.000000
1 622 681.733032 26.071533
0 623 177.000000 189.000000
1 623 174.781250 189.206635
0 624 509.000000 285.000000
1 624 506.646637 285.211029
0 625 533.000000 28.000000
1 625 530.720581 28.002563
0 626 441.000000 444.000000
1 626 438.427612 444.307648
0 627 655.000000 -186.000000
1 627 652.943665 -185.908447
0 628 456.000000 -22.000000
1 628 453.674530 -21.785950
0 629 565.000000 315.000000
1 629 562.524841 315.142639
0 630 -644.000000 -77.000000
1 630 -646.332397 -76.739197
0 631 -597.000000 60.000000
1 631 -599.052002 60.238373
0 632 -417.000000 -4.000000
1 632 -418.962524 -3.616455
0 633 454.000000 -56.000000
1 633 452.051453 -55.996277
0 634 493.000000 496.000000
1 634 490.496674 495.997894
0 635 706.000000 65.000000
1 635 703.856689 64.916779
0 636 -557.000000 127.000000
1 636 -559.496582 127.372070
0 637 437.000000 -19.000000
1 637 434.800293 -18.782166
0 638 39.000000 367.000000
1 638 36.840942 367.274994
0 639 -551.000000 471.000000
1 639 -553.609497 471.582703
0 640 579.000000 331.000000
1 640 576.484375 330.999756
0 641 466.000000 -451.000000
1 641 464.311615 -451.004639
0 642 518.000000 307.000000
1 642 515.714722 307.106689
0 643 -583.000000 4.000000
1 643 -585.142822 4.232178
0 644 38.000000 499.000000
1 644 35.631836 499.224030
0 645 511.000000 249.000000
1 645 508.584625 248.912109
0 646 -520.000000 -80.000000
1 646 -521.961304 -79.786804
0 647 393.000000 413.000000
1 647 390.557800 413.261658
0 648 -377.000000 2.000000
1 648 -379.278320 2.215942
0 649 -298.000000 -96.000000
1 649 -299.885010 -95.925598
0 650 847.000000 34.000000
1 650 844.748657 34.008820
0 651 508.000000 386.000000
1 651 505.476501 386.165985
0 652 38.000000 435.000000
1 652 35.826233 435.216644
0 653 26.000000 384.000000
1 653 23.647644 384.286377
0 654 737.000000 153.000000
1 654 734.638916 152.942596
0 655 -193.000000 15.000000
1 655 -194.927734 15.162659
0 656 -665.000000 382.000000
1 656 -667.631592 382.521484
0 657 789.000000 65.000000
1 657 786.607422 64.851593
0 658 -241.000000 -42.000000
1 658 -243.007690 -41.838623
0 659 -667.000000 0.000000
1 659 -669.440063 0.186218
0 660 -312.000000 -21.000000
1 660 -314.015381 -20.722656
0 661 -368.000000 398.000000
1 661 -370.549683 398.618042
0 662 -380.000000 -34.000000
1 662 -382.282227 -33.668091
0 663 779.000000 106.000000
1 663 776.487915 105.965515
0 664 -580.000000 -13.000000
1 664 -582.268921 -12.713196
0 665 -613.000000 39.000000
1 665 -615.239624 39.264374
0 666 282.000000 423.000000
1 666 279.568665 423.236176
0 667 914.000000 -243.000000
1 667 911.771851 -243.030945
0 668 -670.000000 29.000000
1 668 -672.401489 29.254150
0 669 -310.000000 20.000000
1 669 -312.113892 20.201904
0 670 -620.000000 248.000000
1 670 -622.592041 248.460571
0 671 877.000000 -130.000000
1 671 874.746521 -130.054565
0 672 21.000000 368.000000
1 672 18.522949 368.500275
0 673 -533.000000 -2.000000
1 673 -535.239014 -1.810852
0 674 469.000000 -344.000000
1 674 467.243011 -343.927124
0 675 -566.000000 237.000000
1 675 -568.649048 237.375702
0 676 -609.000000 196.000000
1 676 -611.415527 196.498718
0 677 -577.000000 -46.000000
1 677 -579.208984 -45.712036
0 678 563.000000 72.000000
1 678 560.702881 71.939819
0 679 -598.000000 -45.000000
1 679 -600.288452 -44.798828
0 680 723.000000 -6.000000
1 680 720.765808 -6.133911
0 681 932.000000 -223.000000
1 681 929.724976 -222.985413
0 682 -548.000000 6.000000
1 682 -550.231567 6.331604
0 683 153.000000 -86.000000
1 683 151.093079 -85.750977
0 684 498.000000 376.000000
1 684 495.406219 376.118347
0 685 -367.000000 126.000000
1 685 -369.182983 126.286530
0 686 397.000000 168.000000
1 686 394.720337 168.260895
0 687 -726.000000 130.000000
1 687 -728.525024 130.428162
0 688 49.000000 354.000000
1 688 46.785889 354.311707
0 689 -225.000000 -38.000000
1 689 -226.945312 -37.719543
0 690 -625.000000 1.000000
1 690 -627.217529 1.231873
0 691 -739.000000 430.000000
1 691 -741.778320 430.774658
0 692 603.000000 12.000000
1 692 600.833496 11.967896
0 693 -491.000000 454.000000
1 693 -493.511719 454.635071
0 694 -550.000000 -105.000000
1 694 -552.151489 -104.807373
0 696 -613.000000 211.000000
1 696 -615.463623 211.492828
0 697 630.000000 189.000000
1 697 627.437500 189.133423
0 698 -464.000000 -86.000000
1 698 -466.145508 -85.803040
0 699 711.000000 51.000000
1 699 708.755615 51.015228
0 700 -658.000000 33.000000
1 700 -660.372925 33.345703
0 701 -235.000000 450.000000
1 701 -237.631348 450.559387
0 702 436.000000 343.000000
1 702 433.726135 343.177490
0 703 -804.000000 430.000000
1 703 -806.843262 430.800476
0 704 914.000000 205.000000
1 704 911.254761 205.034393
0 705 -459.000000 47.000000
1 705 -461.321777 47.257385
0 706 701.000000 148.000000
1 706 698.428467 148.294586
0 707 -228.000000 -3.000000
1 707 -230.003784 -2.777222
0 708 479.000000 -76.000000
1 708 476.866150 -76.066162
0 709 -610.000000 244.000000
1 709 -612.469849 244.298157
0 710 67.000000 437.000000
1 710 64.463013 437.414124
0 711 885.000000 -6.000000
1 711 882.657166 -6.059570
0 712 -182.000000 35.000000
1 712 -183.924805 35.096924
0 713 -693.000000 52.000000
1 713 -695.427734 52.270203
0 714 -200.000000 436.000000
1 714 -202.527466 436.577515
0 715 -317.000000 110.000000
1 715 -319.354614 110.256104
0 716 138.000000 44.000000
1 716 136.152161 44.125549
0 717 -155.000000 249.000000
1 717 -157.222656 249.222961
0 718 -598.000000 250.000000
1 718 -600.632690 250.491028
0 719 600.000000 318.000000
1 719 597.540161 317.912201
0 720 59.000000 306.000000
1 720 56.689636 306.406158
0 721 382.000000 -466.000000
1 721 380.298157 -466.223206
0 722 809.000000 79.000000
1 722 806.597778 78.974976
0 723 -658.000000 430.000000
1 723 -660.717163 430.739929
0 724 914.000000 274.000000
1 724 911.204468 273.957886
0 725 -184.000000 3.000000
1 725 -185.997925 3.169006
0 726 647.000000 402.000000
1 726 644.323608 401.959351
0 727 509.000000 495.000000
1 727 506.534851 495.034119
0 728 616.000000 15.000000
1 728 613.778076 14.986450
0 729 456.000000 -456.000000
1 729 454.303558 -455.967834
0 730 271.000000 432.000000
1 730 268.423584 432.221130
0 731 -645.000000 -67.000000
1 731 -647.174683 -66.828674
0 732 -526.000000 227.000000
1 732 -528.410278 227.706024
0 733 -537.000000 -16.000000
1 733 -539.211060 -15.778320
0 734 -526.000000 -90.000000
1 734 -528.256836 -89.789001
0 735 -219.000000 96.000000
1 735 -221.359985 96.302032
0 736 -375.000000 338.000000
1 736 -377.576660 338.540649
0 737 746.000000 123.000000
1 737 743.497437 123.058838
0 738 10.000000 352.000000
1 738 7.857422 352.190430
0 739 700.000000 303.000000
1 739 697.525574 302.953796
0 740 866.000000 -168.000000
1 740 863.744629 -167.961304
0 741 -208.000000 -42.000000
1 741 -210.088745 -41.798889
0 742 -535.000000 57.000000
1 742 -537.229858 57.272888
0 743 -607.000000 4.000000
1 743 -609.223755 4.231384
0 744 322.000000 383.000000
1 744 319.494385 383.254303
0 745 -614.000000 -50.000000
1 745 -616.272095 -49.792236
0 746 -666.000000 58.000000
1 746 -668.318604 58.319214
0 747 -729.000000 151.000000
1 747 -731.522705 151.439911
0 748 -344.000000 -40.000000
1 748 -346.003906 -39.733765
0 749 -623.000000 36.000000
1 749 -625.353271 36.306519
0 750 731.000000 8.000000
1 750 728.746765 7.970947
0 751 109.000000 277.000000
1 751 106.768372 277.270660
0 752 -628.000000 178.000000
1 752 -630.485596 178.487701
0 753 741.000000 265.000000
1 753 738.523560 265.037476
0 754 -581.000000 89.000000
1 754 -583.298218 89.335449
0 755 575.000000 9.000000
1 755 572.727783 8.995667
0 756 741.000000 34.000000
1 756 738.730835 33.978973
0 757 858.000000 37.000000
1 757 855.503784 37.027374
0 758 -566.000000 37.000000
1 758 -568.349121 37.332672
0 759 518.000000 -100.000000
1 759 515.993530 -99.801880
0 760 -368.000000 15.000000
1 760 -370.203735 15.143494
0 761 628.000000 -80.000000
1 761 625.755005 -79.978027
0 762 231.000000 439.000000
1 762 228.853577 439.236816
0 763 -473.000000 -2.000000
1 763 -475.126221 -1.764282
0 764 910.000000 231.000000
1 764 907.183716 230.955048
0 765 508.000000 509.000000
1 765 505.484589 508.997742
0 766 710.000000 177.000000
1 766 707.282104 176.972931
0 767 -445.000000 -83.000000
1 767 -447.039673 -82.816345
0 768 -572.000000 49.000000
1 768 -574.270142 49.280731
0 769 871.000000 -144.000000
1 769 868.779297 -144.104004
0 770 -635.000000 211.000000
1 770 -637.201904 211.489014
0 771 -242.000000 23.000000
1 771 -243.967651 23.358093
0 772 -524.000000 46.000000
1 772 -526.243774 46.269592
0 773 451.000000 370.000000
1 773 448.829010 370.425049
0 774 -506.000000 -22.000000
1 774 -508.249390 -21.735840
0 775 -388.000000 55.000000
1 775 -390.279297 55.203308
0 776 -680.000000 -86.000000
1 776 -682.279419 -85.737000
0 777 254.000000 -188.000000
1 777 252.258728 -188.039978
0 778 -571.000000 80.000000
1 778 -573.170898 80.192200
0 779 -585.000000 -26.000000
1 779 -587.288330 -25.759827
0 780 -317.000000 -41.000000
1 780 -319.166382 -40.855835
0 781 488.000000 469.000000
1 781 485.484344 469.163910
0 782 -648.000000 133.000000
1 782 -650.527588 133.394012
0 783 -11.000000 440.000000
1 783 -13.411194 440.468994
0 784 651.000000 209.000000
1 784 648.525635 209.030945
0 785 -561.000000 -60.000000
1 785 -563.142334 -59.796631
0 786 -34.000000 362.000000
1 786 -36.342957 362.286011
0 787 -11.000000 345.000000
1 787 -13.266235 345.285706
0 788 896.000000 -35.000000
1 788 893.711487 -34.999512
0 789 -698.000000 253.000000
1 789 -700.519165 253.553528
0 790 -439.000000 -25.000000
1 790 -441.250732 -24.763733
0 791 -449.000000 87.000000
1 791 -451.264038 87.489288
0 792 -576.000000 37.000000
1 792 -578.424683 37.246063
0 793 -570.000000 -93.000000
1 793 -572.212769 -92.755188
0 794 435.000000 403.000000
1 794 432.615601 403.232605
0 795 1.000000 399.000000
1 795 -1.411987 399.330200
0 796 -224.000000 -27.000000
1 796 -225.932861 -26.800720
0 797 -64.000000 193.000000
1 797 -66.116821 193.288971
0 798 -632.000000 -73.000000
1 798 -634.286011 -72.725098
0 799 -644.000000 -57.000000
1 799 -646.222656 -56.731262
0 800 -22.000000 425.000000
1 800 -24.480896 425.235107
0 801 -587.000000 -45.000000
1 801 -589.160400 -44.681885
0 802 450.000000 317.000000
1 802 447.658813 317.318542
0 803 573.000000 253.000000
1 803 570.613037 253.025116
0 804 936.000000 292.000000
1 804 933.244141 292.001709
0 805 634.000000 103.000000
1 805 631.738281 103.038727
0 807 -428.000000 -82.000000
1 807 -429.952759 -81.873047
0 808 689.000000 52.000000
1 808 686.758179 51.985504
0 809 -622.000000 199.000000
1 809 -624.519531 199.605225
0 810 -632.000000 -17.000000
1 810 -634.312378 -16.782166
0 811 -428.000000 64.000000
1 811 -430.124146 64.203430
0 812 454.000000 -476.000000
1 812 452.247711 -476.215576
0 813 -552.000000 85.000000
1 813 -554.172363 85.287811
0 814 750.000000 70.000000
1 814 747.563965 70.287231
0 815 535.000000 40.000000
1 815 532.718628 39.998474
0 816 77.000000 401.000000
1 816 74.760010 401.200928
0 817 -23.000000 446.000000
1 817 -25.516479 446.361755
0 818 -569.000000 254.000000
1 818 -571.409424 254.461670
0 819 210.000000 -114.000000
1 819 208.119873 -113.984192
0 820 911.000000 254.000000
1 820 908.328735 254.044037
0 821 661.000000 142.000000
1 821 658.508057 141.994080
0 822 871.000000 25.000000
1 822 868.527405 25.105713
0 823 34.000000 317.000000
1 823 31.713013 316.683716
0 824 559.000000 -95.000000
1 824 556.778931 -94.924866
0 825 458.000000 474.000000
1 825 455.513519 474.154663
0 826 795.000000 26.000000
1 826 792.734314 26.059021
0 827 510.000000 25.000000
1 827 507.801819 24.981079
0 828 315.000000 -437.000000
1 828 313.516357 -436.945190
0 829 -698.000000 62.000000
1 829 -700.363770 62.455383
0 830 813.000000 -511.000000
1 830 811.299377 -511.051880
0 831 -538.000000 89.000000
1 831 -540.243042 89.248291
0 832 882.000000 15.000000
1 832 879.540039 15.088623
0 833 711.000000 119.000000
1 833 708.504883 118.979584
0 834 174.000000 441.000000
1 834 171.635681 441.204956
0 835 516.000000 456.000000
1 835 513.574463 456.242279
0 836 -92.000000 285.000000
1 836 -93.991577 285.408539
0 837 -623.000000 213.000000
1 837 -625.456299 213.558105
0 838 -334.000000 113.000000
1 838 -336.422485 113.265442
0 839 706.000000 132.000000
1 839 703.505493 131.928436
0 840 -690.000000 -30.000000
1 840 -692.231445 -29.770020
0 841 514.000000 -88.000000
1 841 511.931061 -87.854248
0 842 812.000000 230.000000
1 842 809.576355 229.977325
0 843 876.000000 -194.000000
1 843 873.742920 -194.087952
0 844 -677.000000 -32.000000
1 844 -679.203125 -31.766846
0 845 -28.000000 349.000000
1 845 -30.071838 349.244934
0 846 75.000000 447.000000
1 846 72.665771 447.293823
0 847 600.000000 237.000000
1 847 597.763550 237.007050
0 848 -314.000000 -54.000000
1 848 -316.078613 -53.775146
0 849 913.000000 -228.000000
1 849 910.702026 -227.999817
0 850 304.000000 -462.000000
1 850 302.237000 -461.996704
0 851 124.000000 289.000000
1 851 121.707275 288.984314
0 852 641.000000 121.000000
1 852 638.717407 120.985626
0 853 -546.000000 28.000000
1 853 -548.172729 28.268890
0 854 -516.000000 -20.000000
1 854 -518.224365 -19.817932
0 855 -361.000000 -2.000000
1 855 -363.183350 -1.809448
0 856 -172.000000 372.000000
1 856 -174.384644 372.574829
0 857 483.000000 -470.000000
1 857 481.402100 -469.971924
0 858 -680.000000 271.000000
1 858 -682.548706 271.531494
0 859 12.000000 391.000000
1 859 9.554626 391.504791
0 860 -537.000000 352.000000
1 860 -539.420654 352.470825
0 861 828.000000 60.000000
1 861 825.486084 60.000183
0 862 -516.000000 23.000000
1 862 -518.319092 23.282593
0 863 619.000000 -499.000000
1 863 617.262573 -499.049316
0 864 -521.000000 82.000000
1 864 -523.276489 82.220032
0 865 -172.000000 412.000000
1 865 -174.524536 412.331421
0 866 -514.000000 359.000000
1 866 -516.533569 359.456299
0 867 -642.000000 222.000000
1 867 -644.242188 222.699402
0 868 682.000000 331.000000
1 868 679.494934 331.041809
0 869 -741.000000 453.000000
1 869 -743.749390 453.766388
0 870 -677.000000 7.000000
1 870 -679.215332 7.256104
0 871 -641.000000 14.000000
1 871 -643.269531 14.223999
0 872 518.000000 -58.000000
1 872 515.841675 -57.971863
0 873 -446.000000 23.000000
1 873 -448.109985 23.337219
0 874 -121.000000 209.000000
1 874 -123.323364 209.257355
0 875 -522.000000 -70.000000
1 875 -524.094971 -69.802612
0 876 211.000000 49.000000
1 876 208.779480 49.221710
0 877 624.000000 25.000000
1 877 621.766602 25.049133
0 878 -600.000000 -20.000000
1 878 -602.273438 -19.745972
0 879 857.000000 177.000000
1 879 854.269531 177.032410
0 880 -27.000000 271.000000
1 880 -29.108398 271.348358
0 881 -660.000000 -68.000000
1 881 -662.282715 -67.737854
0 882 -603.000000 17.000000
1 882 -605.186768 17.435791
0 883 -175.000000 248.000000
1 883 -177.190552 248.353912
0 884 -847.000000 363.000000
1 884 -849.729980 363.566956
0 885 770.000000 -134.000000
1 885 767.771667 -133.966553
0 886 687.000000 154.000000
1 886 684.757446 153.812805
0 887 -457.000000 37.000000
1 887 -459.237915 37.234131
0 888 -335.000000 39.000000
1 888 -337.385498 39.277710
0 889 519.000000 -39.000000
1 889 516.845459 -39.005859
0 890 -595.000000 180.000000
1 890 -597.419067 180.535339
0 891 -438.000000 34.000000
1 891 -440.271118 34.279572
0 892 631.000000 400.000000
1 892 628.528442 399.969879
0 893 658.000000 47.000000
1 893 655.773499 47.013397
0 894 711.000000 27.000000
1 894 708.716858 27.002625
0 895 416.000000 442.000000
1 895 413.489136 442.162506
0 896 895.000000 -12.000000
1 896 892.667114 -12.143677
0 897 576.000000 -2.000000
1 897 573.739563 -1.993896
0 898 -397.000000 -77.000000
1 898 -399.109375 -76.904663
0 899 491.000000 -41.000000
1 899 488.646912 -41.029602
0 900 -532.000000 -67.000000
1 900 -534.503662 -66.819336
0 901 553.000000 284.000000
1 901 550.415894 283.894135
0 902 293.000000 -453.000000
1 902 291.281067 -453.089233
0 903 -507.000000 338.000000
1 903 -509.356934 338.459290
0 904 667.000000 482.000000
1 904 664.566040 481.912109
0 905 690.000000 318.000000
1 905 687.487915 317.997925
0 906 883.000000 -253.000000
1 906 880.806580 -252.998901
0 907 920.000000 231.000000
1 907 917.320618 230.919861
0 908 -550.000000 38.000000
1 908 -552.334473 38.154602
0 909 -573.000000 68.000000
1 909 -575.448608 68.287262
0 910 -531.000000 414.000000
1 910 -533.398804 414.279541
0 911 400.000000 495.000000
1 911 397.638428 495.333710
0 912 -37.000000 313.000000
1 912 -39.134460 313.206177
0 913 -415.000000 471.000000
1 913 -417.477051 471.469818
0 914 -697.000000 214.000000
1 914 -699.478271 214.535645
0 915 885.000000 -67.000000
1 915 882.687561 -66.969421
0 916 487.000000 -460.000000
1 916 485.272430 -459.929871
0 917 518.000000 176.000000
1 917 515.747559 176.223328
0 918 -616.000000 -298.000000
1 918 -617.987549 -297.904541
0 919 -273.000000 -43.000000
1 919 -274.853638 -42.849060
0 920 -600.000000 92.000000
1 920 -602.233643 92.217651
0 921 175.000000 49.000000
1 921 173.023804 49.006348
0 922 642.000000 -263.000000
1 922 639.981140 -263.023315
0 923 -526.000000 15.000000
1 923 -528.264771 15.161743
0 924 649.000000 31.000000
1 924 646.756470 30.963898
0 925 658.000000 506.000000
1 925 655.477173 506.000366
0 926 502.000000 321.000000
1 926 499.472290 321.245117
0 927 -564.000000 217.000000
1 927 -566.502563 217.391479
0 928 582.000000 115.000000
1 928 579.764404 115.009460
0 929 -486.000000 74.000000
1 929 -488.262207 74.195221
0 931 -585.000000 27.000000
1 931 -587.162109 27.315063
0 932 -673.000000 75.000000
1 932 -675.326416 75.317932
0 933 670.000000 -222.000000
1 933 667.854980 -222.041504
0 934 -692.000000 28.000000
1 934 -694.283813 28.370758
0 935 -45.000000 438.000000
1 935 -47.280884 438.450531
0 936 -678.000000 430.000000
1 936 -680.876953 430.777008
0 937 457.000000 -435.000000
1 937 455.205048 -435.026184
0 938 512.000000 -68.000000
1 938 509.789185 -67.867493
0 939 -500.000000 76.000000
1 939 -502.193481 76.238495
0 940 123.000000 312.000000
1 940 120.766174 312.571533
0 941 -671.000000 137.000000
1 941 -673.205688 137.296204
0 942 -652.000000 51.000000
1 942 -654.180664 51.233887
0 943 -300.000000 -52.000000
1 943 -302.158447 -51.891968
0 944 685.000000 38.000000
1 944 682.609558 38.007507
0 945 759.000000 14.000000
1 945 756.741821 13.949219
0 946 -568.000000 172.000000
1 946 -570.508789 172.490417
0 947 508.000000 -42.000000
1 947 505.840790 -42.032593
0 948 -705.000000 147.000000
1 948 -707.266724 147.452667
0 949 -400.000000 8.000000
1 949 -402.251587 8.382935
0 950 552.000000 -462.000000
1 950 550.230957 -462.078552
0 951 415.000000 -466.000000
1 951 413.295044 -465.971741
0 952 549.000000 -91.000000
1 952 546.760742 -90.958313
0 953 -640.000000 89.000000
1 953 -642.208740 89.232056
0 954 616.000000 5.000000
1 954 613.851074 5.057617
0 955 -427.000000 472.000000
1 955 -429.515259 472.443878
0 956 -34.000000 260.000000
1 956 -36.278992 260.217865
0 957 505.000000 275.000000
1 957 502.419708 275.144684
0 958 -621.000000 70.000000
1 958 -623.434082 70.397064
0 959 -588.000000 118.000000
1 959 -590.064697 118.239655
0 960 -627.000000 12.000000
1 960 -629.313599 12.272156
0 961 -161.000000 208.000000
1 961 -163.125488 208.193329
0 962 -646.000000 176.000000
1 962 -648.222412 176.488373
0 963 -403.000000 -3.000000
1 963 -405.253906 -2.687744
0 965 696.000000 41.000000
1 965 693.756470 40.985596
0 966 779.000000 42.000000
1 966 776.821045 41.956665
0 967 652.000000 -215.000000
1 967 649.787842 -214.983398
0 968 -159.000000 367.000000
1 968 -161.320557 367.645386
0 969 -361.000000 167.000000
1 969 -363.180908 167.484344
0 970 741.000000 113.000000
1 970 738.498962 113.023224
0 971 -705.000000 381.000000
1 971 -707.903198 381.755096
0 972 -247.000000 -18.000000
1 972 -248.977417 -18.020447
0 973 -379.000000 -68.000000
1 973 -380.987305 -67.822876
0 974 -296.000000 19.000000
1 974 -298.068604 19.137146
0 975 -540.000000 471.000000
1 975 -542.707031 471.516052
0 976 789.000000 108.000000
1 976 786.526001 107.945587
0 977 528.000000 -432.000000
1 977 526.305298 -432.054626
0 978 -608.000000 -38.000000
1 978 -610.274414 -37.761658
0 979 -634.000000 368.000000
1 979 -636.824219 368.666840
0 980 585.000000 30.000000
1 980 582.768066 29.981659
0 981 -560.000000 -41.000000
1 981 -562.317505 -40.743347
0 982 -200.000000 330.000000
1 982 -202.461182 330.587097
0 983 183.000000 451.000000
1 983 180.501404 451.237823
0 984 -648.000000 70.000000
1 984 -650.234863 70.392395
0 985 -228.000000 241.000000
1 985 -230.280884 241.376373
0 986 -911.000000 233.000000
1 986 -913.855469 233.684784
0 987 158.000000 86.000000
1 987 156.030579 86.227875
0 988 517.000000 272.000000
1 988 514.600769 272.262329
0 989 677.000000 149.000000
1 989 674.476257 148.976746
0 990 586.000000 -2.000000
1 990 583.755920 -1.970886
0 991 -497.000000 17.000000
1 991 -499.277344 17.282654
0 992 -14.000000 381.000000
1 992 -16.172668 381.289673
0 993 -250.000000 256.000000
1 993 -252.259155 256.398376
0 994 391.000000 -477.000000
1 994 389.218811 -476.861572
0 995 -509.000000 -35.000000
1 995 -511.275391 -34.680481
0 996 520.000000 -78.000000
1 996 518.002930 -77.881653
0 997 -211.000000 315.000000
1 997 -213.428589 315.387695
0 998 618.000000 -11.000000
1 998 615.754272 -11.118103
0 999 49.000000 334.000000
1 999 46.658813 334.267700
0 
0 
0 
0 
0 
0 
1781 
0 
0 
0 
0 
0 
0 
0 
0 
1781 
0 
0 
-0.112521 
-0.060472 
0.300000 
-0.116058 
-0.038237 
0.300000 
-0.100225 
-0.060472 
0.300000 
-0.111847 
-0.038742 
0.300000 
-0.010444 
-0.046996 
0.300000 
-0.101235 
-0.066704 
0.300000 
-0.112521 
-0.066367 
0.300000 
-0.114879 
-0.066704 
0.300000 
-0.018024 
-0.078158 
0.300000 
-0.065525 
-0.073610 
0.300000 
-0.104773 
-0.053229 
0.300000 
0.064346 
-0.045480 
0.300000 
0.090118 
-0.071421 
0.300000 
-0.038405 
-0.072263 
0.300000 
-0.116564 
-0.033520 
0.300000 
-0.034531 
-0.072600 
0.300000 
0.083043 
-0.045480 
0.300000 
-0.075632 
-0.070747 
0.300000 
-0.037226 
-0.074789 
0.300000 
-0.051207 
-0.071421 
0.300000 
-0.018024 
-0.085907 
0.300000 
0.063672 
-0.039079 
0.300000 
-0.056092 
-0.073105 
0.300000 
-0.015665 
-0.080517 
0.300000 
-0.098877 
-0.040427 
0.300000 
-0.095003 
-0.060472 
0.300000 
-0.108984 
-0.059966 
0.300000 
-0.108984 
-0.066030 
0.300000 
-0.063335 
-0.081864 
0.300000 
-0.095171 
-0.066536 
0.300000 
-0.052723 
-0.073273 
0.300000 
-0.053229 
-0.070241 
0.300000 
-0.063841 
-0.072094 
0.300000 
-0.020213 
-0.084896 
0.300000 
-0.101909 
-0.059966 
0.300000 
-0.108984 
-0.061651 
0.300000 
-0.005053 
-0.049017 
0.300000 
-0.111510 
-0.053060 
0.300000 
-0.114374 
-0.052892 
0.300000 
-0.047333 
-0.072937 
0.300000 
-0.099214 
-0.038742 
0.300000 
0.041269 
-0.071589 
0.300000 
-0.036216 
-0.072937 
0.300000 
-0.008422 
-0.069736 
0.300000 
-0.115048 
-0.060640 
0.300000 
-0.018024 
-0.054408 
0.300000 
-0.015834 
-0.055755 
0.300000 
-0.034026 
-0.080348 
0.300000 
-0.039585 
-0.070073 
0.300000 
-0.006232 
-0.067378 
0.300000 
-0.034868 
-0.084559 
0.300000 
0.000337 
-0.049523 
0.300000 
0.039248 
-0.024256 
0.300000 
-0.032510 
-0.073947 
0.300000 
-0.058450 
-0.070410 
0.300000 
-0.101741 
-0.051881 
0.300000 
0.040090 
-0.033352 
0.300000 
-0.044301 
-0.074958 
0.300000 
-0.111847 
-0.044301 
0.300000 
-0.095171 
-0.062156 
0.300000 
0.002021 
-0.049354 
0.300000 
-0.018529 
-0.082706 
0.300000 
-0.101741 
-0.062156 
0.300000 
-0.072600 
-0.071926 
0.300000 
0.087423 
-0.023919 
0.300000 
-0.107131 
-0.044301 
0.300000 
-0.073442 
-0.081022 
0.300000 
0.083549 
-0.058282 
0.300000 
-0.054913 
-0.071421 
0.300000 
-0.102414 
-0.044301 
0.300000 
-0.124481 
-0.048175 
0.300000 
-0.062156 
-0.072094 
0.300000 
0.087423 
-0.044806 
0.300000 
-0.006401 
-0.071084 
0.300000 
-0.074453 
-0.072768 
0.300000 
-0.121954 
-0.048344 
0.300000 
-0.029983 
-0.082875 
0.300000 
-0.116564 
-0.044301 
0.300000 
0.038742 
-0.042280 
0.300000 
-0.104604 
-0.067209 
0.300000 
-0.097193 
-0.040932 
0.300000 
-0.105109 
-0.051376 
0.300000 
-0.006401 
-0.081864 
0.300000 
0.087423 
-0.058282 
0.300000 
-0.091634 
-0.084728 
0.300000 
-0.016171 
-0.078158 
0.300000 
-0.014655 
-0.060303 
0.300000 
-0.098372 
-0.048007 
0.300000 
-0.014318 
-0.069399 
0.300000 
-0.099888 
-0.051881 
0.300000 
-0.118248 
-0.032847 
0.300000 
-0.123133 
-0.044301 
0.300000 
-0.035710 
-0.079169 
0.300000 
-0.041101 
-0.072937 
0.300000 
-0.106794 
-0.039921 
0.300000 
-0.114542 
-0.051207 
0.300000 
0.088265 
-0.042785 
0.300000 
-0.006569 
-0.055418 
0.300000 
0.020382 
-0.086749 
0.300000 
-0.006738 
-0.049354 
0.300000 
-0.104604 
-0.060640 
0.300000 
-0.012802 
-0.061988 
0.300000 
-0.065020 
-0.080685 
0.300000 
0.033857 
-0.071757 
0.300000 
-0.074958 
-0.083043 
0.300000 
-0.004548 
-0.070915 
0.300000 
-0.102246 
-0.042617 
0.300000 
-0.087423 
-0.085738 
0.300000 
0.071084 
-0.068052 
0.300000 
-0.092139 
-0.054239 
0.300000 
0.041269 
-0.069905 
0.300000 
-0.022235 
-0.079337 
0.300000 
-0.068725 
-0.081696 
0.300000 
-0.114879 
-0.076642 
0.300000 
-0.020213 
-0.083212 
0.300000 
-0.033857 
-0.082875 
0.300000 
-0.109489 
-0.038237 
0.300000 
0.075463 
-0.069062 
0.300000 
-0.016339 
-0.084728 
0.300000 
-0.127850 
-0.014318 
0.300000 
-0.012296 
-0.046659 
0.300000 
0.037058 
-0.073105 
0.300000 
-0.123302 
-0.030994 
0.300000 
0.104436 
-0.013644 
0.300000 
-0.118080 
-0.038237 
0.300000 
0.085738 
-0.024256 
0.300000 
-0.088265 
-0.001011 
0.300000 
-0.104099 
-0.077821 
0.300000 
0.035879 
-0.064346 
0.300000 
-0.106794 
-0.051713 
0.300000 
0.037563 
-0.065525 
0.300000 
-0.008928 
-0.079843 
0.300000 
-0.011286 
-0.071084 
0.300000 
-0.075632 
-0.069062 
0.300000 
-0.076642 
-0.081864 
0.300000 
-0.008085 
-0.067715 
0.300000 
-0.139978 
-0.012633 
0.300000 
-0.074789 
-0.051713 
0.300000 
-0.035710 
-0.081190 
0.300000 
-0.134587 
-0.014486 
0.300000 
0.017181 
-0.084222 
0.300000 
-0.004043 
-0.080180 
0.300000 
-0.017518 
-0.056092 
0.300000 
-0.010444 
-0.081527 
0.300000 
-0.057777 
-0.072094 
0.300000 
0.062830 
-0.028130 
0.300000 
-0.017350 
-0.081022 
0.300000 
-0.015665 
-0.086581 
0.300000 
0.031162 
-0.035205 
0.300000 
-0.118248 
-0.054408 
0.300000 
0.039585 
-0.066199 
0.300000 
-0.108984 
-0.056261 
0.300000 
-0.096350 
-0.078327 
0.300000 
0.085401 
-0.055250 
0.300000 
0.029141 
-0.071084 
0.300000 
0.033857 
-0.041774 
0.300000 
-0.037900 
0.022403 
0.300000 
-0.004885 
-0.055250 
0.300000 
-0.011286 
-0.067546 
0.300000 
0.041943 
-0.074116 
0.300000 
-0.049017 
-0.073779 
0.300000 
-0.073105 
-0.082706 
0.300000 
0.041606 
-0.068220 
0.300000 
-0.004548 
-0.066536 
0.300000 
0.005896 
-0.073779 
0.300000 
-0.001348 
-0.048344 
0.300000 
0.103930 
-0.018866 
0.300000 
-0.013981 
-0.071589 
0.300000 
0.040258 
0.009264 
0.300000 
-0.071252 
-0.084222 
0.300000 
-0.103425 
-0.051544 
0.300000 
-0.013981 
-0.063672 
0.300000 
-0.089949 
-0.056261 
0.300000 
-0.094329 
-0.005727 
0.300000 
-0.024761 
-0.079001 
0.300000 
-0.072431 
-0.053229 
0.300000 
0.085233 
-0.053397 
0.300000 
-0.008085 
-0.064177 
0.300000 
-0.014318 
-0.057440 
0.300000 
0.031668 
-0.015160 
0.300000 
-0.099888 
-0.056429 
0.300000 
0.011117 
-0.080180 
0.300000 
0.031331 
-0.040595 
0.300000 
-0.119090 
-0.002527 
0.300000 
-0.110331 
-0.077485 
0.300000 
-0.101909 
-0.056429 
0.300000 
-0.051376 
-0.005896 
0.300000 
-0.121449 
-0.044638 
0.300000 
-0.042617 
-0.074621 
0.300000 
-0.091634 
-0.056092 
0.300000 
-0.090792 
-0.051207 
0.300000 
-0.013981 
-0.080348 
0.300000 
-0.093992 
-0.044469 
0.300000 
0.088939 
-0.052555 
0.300000 
0.033352 
-0.064177 
0.300000 
-0.113195 
-0.056261 
0.300000 
-0.020719 
-0.046491 
0.300000 
0.085233 
-0.047670 
0.300000 
-0.091129 
-0.048007 
0.300000 
-0.134419 
-0.012802 
0.300000 
0.042280 
-0.027456 
0.300000 
0.083717 
-0.056261 
0.300000 
0.037732 
-0.076811 
0.300000 
-0.138293 
-0.011791 
0.300000 
-0.138293 
-0.013812 
0.300000 
0.087086 
-0.056092 
0.300000 
-0.088265 
-0.002695 
0.300000 
-0.009938 
-0.056261 
0.300000 
0.013981 
-0.082033 
0.300000 
0.085065 
-0.050533 
0.300000 
-0.093150 
-0.049523 
0.300000 
-0.008759 
-0.071421 
0.300000 
-0.012128 
-0.048344 
0.300000 
0.008759 
-0.078327 
0.300000 
0.039921 
-0.026783 
0.300000 
0.112521 
-0.072263 
0.300000 
-0.027288 
-0.081022 
0.300000 
0.026951 
-0.069905 
0.300000 
-0.112016 
-0.036889 
0.300000 
-0.012465 
-0.058450 
0.300000 
-0.089949 
-0.085738 
0.300000 
0.029141 
-0.073273 
0.300000 
-0.031668 
-0.083380 
0.300000 
0.088939 
-0.050197 
0.300000 
0.084896 
-0.060472 
0.300000 
-0.003706 
-0.082201 
0.300000 
0.035205 
-0.033689 
0.300000 
0.013812 
-0.084728 
0.300000 
0.069399 
-0.067715 
0.300000 
-0.132398 
-0.012633 
0.300000 
-0.006569 
-0.060135 
0.300000 
0.103762 
-0.017013 
0.300000 
0.037900 
-0.074789 
0.300000 
-0.004548 
-0.072768 
0.300000 
0.085065 
-0.045985 
0.300000 
-0.132061 
-0.014655 
0.300000 
-0.132229 
-0.003369 
0.300000 
0.033352 
-0.086749 
0.300000 
-0.092308 
-0.005896 
0.300000 
0.010275 
-0.073442 
0.300000 
-0.014318 
-0.065862 
0.300000 
0.031331 
-0.071757 
0.300000 
-0.095171 
-0.056597 
0.300000 
0.110837 
-0.023077 
0.300000 
-0.094666 
-0.051376 
0.300000 
0.075126 
-0.075969 
0.300000 
-0.117911 
-0.004211 
0.300000 
0.024761 
-0.071589 
0.300000 
-0.089949 
-0.083885 
0.300000 
-0.121617 
-0.029141 
0.300000 
-0.087928 
-0.080180 
0.300000 
-0.014992 
-0.075126 
0.300000 
0.020719 
-0.067378 
0.300000 
-0.124481 
-0.039921 
0.300000 
0.034194 
-0.075463 
0.300000 
-0.013981 
-0.077990 
0.300000 
-0.050702 
-0.074116 
0.300000 
0.031668 
-0.085401 
0.300000 
0.133745 
-0.072094 
0.300000 
0.037226 
-0.022572 
0.300000 
0.002021 
-0.047670 
0.300000 
-0.115553 
-0.010444 
0.300000 
-0.013981 
-0.086412 
0.300000 
-0.073442 
-0.079001 
0.300000 
-0.074958 
-0.067378 
0.300000 
-0.111510 
-0.056261 
0.300000 
-0.042617 
0.029983 
0.300000 
0.091802 
-0.071589 
0.300000 
-0.008591 
-0.054576 
0.300000 
0.100225 
-0.023751 
0.300000 
0.100730 
-0.019540 
0.300000 
-0.037058 
-0.084391 
0.300000 
-0.090960 
-0.040258 
0.300000 
-0.016002 
-0.058619 
0.300000 
-0.154127 
-0.048849 
0.300000 
-0.004885 
-0.050702 
0.300000 
0.063672 
-0.065020 
0.300000 
0.012970 
-0.074958 
0.300000 
0.077485 
-0.042448 
0.300000 
0.016171 
-0.076811 
0.300000 
0.062830 
-0.023245 
0.300000 
-0.104267 
-0.056597 
0.300000 
-0.054913 
-0.069736 
0.300000 
0.102751 
-0.012128 
0.300000 
0.012970 
-0.064346 
0.300000 
0.027288 
-0.082875 
0.300000 
0.096519 
-0.024088 
0.300000 
-0.006401 
-0.046996 
0.300000 
0.111679 
-0.076137 
0.300000 
0.155306 
-0.071926 
0.300000 
-0.100056 
-0.062156 
0.300000 
-0.009938 
-0.059461 
0.300000 
-0.010612 
-0.079843 
0.300000 
0.019371 
-0.078495 
0.300000 
-0.010107 
-0.048849 
0.300000 
0.011117 
-0.082538 
0.300000 
0.085233 
-0.069399 
0.300000 
-0.012633 
-0.056429 
0.300000 
0.010107 
-0.063167 
0.300000 
-0.073442 
-0.076642 
0.300000 
-0.060303 
-0.071421 
0.300000 
-0.095508 
-0.007412 
0.300000 
-0.111173 
-0.051376 
0.300000 
-0.079337 
0.060303 
0.300000 
-0.002864 
-0.067546 
0.300000 
-0.009601 
-0.061314 
0.300000 
-0.129534 
-0.006906 
0.300000 
0.022908 
-0.068220 
0.300000 
-0.005727 
-0.080180 
0.300000 
-0.015665 
-0.082369 
0.300000 
-0.091465 
-0.004211 
0.300000 
0.017518 
-0.068389 
0.300000 
0.023077 
-0.080517 
0.300000 
-0.013981 
-0.073442 
0.300000 
0.021056 
-0.069905 
0.300000 
0.016002 
-0.065525 
0.300000 
0.090623 
-0.076137 
0.300000 
0.085738 
-0.058787 
0.300000 
-0.011286 
-0.063672 
0.300000 
-0.019034 
-0.079843 
0.300000 
-0.076305 
-0.072937 
0.300000 
-0.011623 
-0.060135 
0.300000 
-0.009601 
-0.073273 
0.300000 
-0.000000 
-0.051207 
0.300000 
-0.124481 
-0.014992 
0.300000 
0.095508 
-0.020719 
0.300000 
-0.107299 
-0.005727 
0.300000 
0.086412 
0.015160 
0.300000 
0.138125 
-0.072094 
0.300000 
0.116901 
-0.072263 
0.300000 
-0.103088 
-0.053565 
0.300000 
-0.097698 
-0.017687 
0.300000 
-0.116227 
-0.051881 
0.300000 
-0.093655 
-0.003200 
0.300000 
0.008422 
-0.080517 
0.300000 
-0.004548 
-0.068220 
0.300000 
-0.065862 
-0.079001 
0.300000 
-0.073442 
-0.069568 
0.300000 
0.003032 
-0.054071 
0.300000 
-0.004716 
-0.059966 
0.300000 
-0.128018 
-0.012633 
0.300000 
-0.021392 
-0.086581 
0.300000 
0.032847 
0.005390 
0.300000 
-0.108984 
-0.053565 
0.300000 
0.024593 
-0.082201 
0.300000 
0.028972 
-0.084391 
0.300000 
0.117069 
-0.075800 
0.300000 
0.071926 
-0.076474 
0.300000 
0.069736 
-0.076137 
0.300000 
-0.083549 
0.004211 
0.300000 
0.083885 
0.013644 
0.300000 
-0.084728 
-0.081696 
0.300000 
-0.075463 
-0.078327 
0.300000 
-0.144862 
-0.039921 
0.300000 
0.012970 
-0.066367 
0.300000 
-0.087928 
-0.078495 
0.300000 
-0.086412 
-0.002527 
0.300000 
-0.020719 
-0.081527 
0.300000 
-0.056766 
-0.070073 
0.300000 
0.019203 
-0.069231 
0.300000 
-0.136609 
-0.040427 
0.300000 
-0.079506 
0.004043 
0.300000 
-0.000337 
-0.046659 
0.300000 
0.024761 
-0.021392 
0.300000 
0.086412 
-0.025940 
0.300000 
0.097361 
-0.072263 
0.300000 
-0.118248 
-0.045143 
0.300000 
-0.154801 
-0.040595 
0.300000 
0.036047 
-0.076811 
0.300000 
-0.032510 
-0.075800 
0.300000 
0.096013 
-0.075632 
0.300000 
-0.099551 
-0.017687 
0.300000 
0.118585 
-0.072263 
0.300000 
-0.020887 
-0.050365 
0.300000 
-0.091465 
-0.038405 
0.300000 
0.132903 
-0.076137 
0.300000 
0.022740 
-0.070915 
0.300000 
0.138630 
-0.075969 
0.300000 
-0.073442 
-0.062998 
0.300000 
0.027456 
-0.072263 
0.300000 
0.031162 
-0.074621 
0.300000 
-0.045985 
-0.074621 
0.300000 
-0.095677 
-0.044975 
0.300000 
0.035710 
-0.008254 
0.300000 
0.007412 
-0.061988 
0.300000 
0.007243 
-0.063841 
0.300000 
-0.127850 
-0.039753 
0.300000 
0.111510 
-0.037395 
0.300000 
-0.146210 
-0.007412 
0.300000 
0.106120 
-0.014318 
0.300000 
0.071926 
-0.058450 
0.300000 
0.139978 
-0.072094 
0.300000 
-0.008928 
-0.066030 
0.300000 
0.113700 
-0.076137 
0.300000 
0.119596 
-0.013644 
0.300000 
0.021056 
-0.079843 
0.300000 
-0.028972 
-0.081190 
0.300000 
0.031668 
-0.062830 
0.300000 
0.010444 
-0.064851 
0.300000 
0.040427 
-0.078495 
0.300000 
-0.072431 
-0.085907 
0.300000 
0.102751 
-0.014318 
0.300000 
-0.012296 
-0.079337 
0.300000 
0.116901 
0.014486 
0.300000 
-0.066199 
-0.076979 
0.300000 
-0.118922 
-0.006906 
0.300000 
-0.086244 
-0.079674 
0.300000 
-0.104604 
-0.006906 
0.300000 
-0.108647 
-0.051544 
0.300000 
0.105109 
-0.021056 
0.300000 
0.040258 
-0.074116 
0.300000 
0.007243 
-0.072094 
0.300000 
-0.010107 
-0.069231 
0.300000 
-0.112016 
-0.077821 
0.300000 
0.070410 
-0.027288 
0.300000 
0.032004 
-0.056261 
0.300000 
0.035373 
-0.056092 
0.300000 
-0.097024 
-0.052218 
0.300000 
-0.092981 
-0.052555 
0.300000 
0.032341 
-0.033520 
0.300000 
0.103088 
0.018697 
0.300000 
0.038405 
-0.056766 
0.300000 
0.048849 
0.009096 
0.300000 
0.036889 
-0.033352 
0.300000 
0.024761 
-0.069062 
0.300000 
-0.005390 
-0.077653 
0.300000 
-0.118248 
-0.043459 
0.300000 
-0.027288 
-0.032341 
0.300000 
-0.123133 
-0.005222 
0.300000 
-0.106289 
-0.056092 
0.300000 
0.109657 
-0.014318 
0.300000 
0.071421 
-0.041943 
0.300000 
0.106457 
0.050533 
0.300000 
-0.075126 
-0.085738 
0.300000 
0.072263 
-0.066367 
0.300000 
0.015834 
-0.067715 
0.300000 
-0.011623 
-0.065862 
0.300000 
0.095171 
0.019540 
0.300000 
0.040427 
-0.042617 
0.300000 
-0.034700 
-0.086749 
0.300000 
0.106289 
-0.048344 
0.300000 
0.086581 
-0.042617 
0.300000 
-0.095003 
0.000842 
0.300000 
0.095171 
0.002190 
0.300000 
0.023077 
-0.021561 
0.300000 
-0.149747 
-0.004211 
0.300000 
0.096182 
-0.000000 
0.300000 
0.116564 
0.003200 
0.300000 
0.004716 
-0.054745 
0.300000 
-0.080011 
0.047670 
0.300000 
0.092813 
-0.075632 
0.300000 
-0.000000 
-0.070241 
0.300000 
0.088770 
0.017181 
0.300000 
-0.091465 
-0.044638 
0.300000 
0.039416 
-0.064514 
0.300000 
0.043964 
-0.029646 
0.300000 
0.108984 
-0.000168 
0.300000 
-0.077990 
-0.072600 
0.300000 
-0.105615 
0.015160 
0.300000 
-0.001348 
-0.055587 
0.300000 
0.093487 
0.000842 
0.300000 
0.059629 
0.005390 
0.300000 
-0.136272 
-0.015497 
0.300000 
0.095171 
-0.015328 
0.300000 
-0.013644 
-0.082201 
0.300000 
-0.146210 
0.036552 
0.300000 
-0.145368 
-0.009096 
0.300000 
0.078327 
-0.067715 
0.300000 
0.078664 
-0.005896 
0.300000 
0.062830 
-0.043627 
0.300000 
0.081527 
-0.019034 
0.300000 
0.039248 
-0.072431 
0.300000 
0.107805 
-0.070578 
0.300000 
-0.082706 
0.014318 
0.300000 
0.109657 
0.002527 
0.300000 
0.125491 
-0.070241 
0.300000 
0.103257 
-0.072431 
0.300000 
-0.071757 
-0.080685 
0.300000 
-0.038911 
0.026446 
0.300000 
0.042953 
-0.071421 
0.300000 
0.082201 
-0.070915 
0.300000 
0.113026 
-0.008085 
0.300000 
-0.095003 
-0.068220 
0.300000 
0.100225 
-0.001179 
0.300000 
0.017687 
-0.066199 
0.300000 
0.059124 
-0.018192 
0.300000 
0.064683 
-0.043627 
0.300000 
-0.150084 
-0.000842 
0.300000 
0.005559 
-0.075632 
0.300000 
-0.085570 
-0.050870 
0.300000 
-0.141830 
0.040258 
0.300000 
0.135093 
-0.076137 
0.300000 
0.116227 
-0.044301 
0.300000 
-0.112858 
-0.051207 
0.300000 
0.103762 
0.010107 
0.300000 
-0.118080 
-0.052723 
0.300000 
0.090455 
0.018360 
0.300000 
-0.009770 
-0.083212 
0.300000 
-0.099045 
-0.043459 
0.300000 
-0.081190 
-0.086749 
0.300000 
-0.113195 
-0.054576 
0.300000 
0.043964 
-0.027962 
0.300000 
-0.084391 
-0.075126 
0.300000 
-0.144357 
0.038742 
0.300000 
-0.113532 
-0.010275 
0.300000 
0.143178 
-0.070241 
0.300000 
0.095508 
0.003874 
0.300000 
0.025098 
-0.086075 
0.300000 
0.102751 
-0.022740 
0.300000 
-0.127681 
-0.007917 
0.300000 
0.104267 
0.017013 
0.300000 
-0.135093 
-0.038742 
0.300000 
-0.128018 
-0.010612 
0.300000 
0.100898 
-0.005390 
0.300000 
-0.100730 
-0.045143 
0.300000 
0.100056 
0.000674 
0.300000 
0.080180 
-0.013644 
0.300000 
0.105783 
-0.016002 
0.300000 
0.118248 
-0.005559 
0.300000 
0.080685 
0.014655 
0.300000 
0.156822 
-0.076137 
0.300000 
0.095508 
-0.004548 
0.300000 
0.025435 
-0.048849 
0.300000 
-0.097529 
-0.038742 
0.300000 
0.090118 
-0.004211 
0.300000 
0.100393 
0.005896 
0.300000 
-0.087928 
-0.083380 
0.300000 
-0.087086 
-0.054071 
0.300000 
-0.006401 
-0.063504 
0.300000 
-0.106794 
-0.003706 
0.300000 
0.115553 
0.012802 
0.300000 
-0.070073 
-0.072768 
0.300000 
-0.091802 
-0.007580 
0.300000 
0.120270 
-0.018360 
0.300000 
-0.080685 
-0.075969 
0.300000 
-0.014486 
-0.061988 
0.300000 
-0.090623 
-0.001011 
0.300000 
0.091129 
-0.069736 
0.300000 
0.005559 
-0.070915 
0.300000 
-0.012465 
-0.069399 
0.300000 
0.040932 
-0.024761 
0.300000 
0.156990 
-0.072263 
0.300000 
0.038574 
0.008422 
0.300000 
0.092645 
0.005896 
0.300000 
-0.036216 
0.021392 
0.300000 
-0.152611 
0.042785 
0.300000 
-0.002864 
-0.071084 
0.300000 
-0.091634 
-0.010107 
0.300000 
-0.136272 
-0.029815 
0.300000 
0.084559 
0.011623 
0.300000 
-0.116901 
-0.021056 
0.300000 
-0.122628 
-0.009601 
0.300000 
-0.035036 
0.015665 
0.300000 
0.067715 
-0.005222 
0.300000 
0.062661 
-0.040764 
0.300000 
-0.117406 
-0.001853 
0.300000 
0.031499 
0.001516 
0.300000 
-0.008422 
-0.049523 
0.300000 
-0.134419 
0.004211 
0.300000 
0.154464 
-0.076137 
0.300000 
0.012128 
-0.084222 
0.300000 
-0.147389 
0.012465 
0.300000 
-0.033015 
-0.078664 
0.300000 
0.090455 
-0.001516 
0.300000 
0.065188 
-0.028130 
0.300000 
0.039079 
-0.004885 
0.300000 
-0.008422 
-0.046154 
0.300000 
0.077485 
-0.012465 
0.300000 
-0.084391 
0.014823 
0.300000 
-0.083212 
-0.085401 
0.300000 
0.055924 
0.006906 
0.300000 
-0.076305 
-0.076642 
0.300000 
-0.131724 
0.004548 
0.300000 
-0.080853 
-0.074284 
0.300000 
0.038574 
-0.002358 
0.300000 
0.009433 
-0.082201 
0.300000 
-0.120606 
-0.006569 
0.300000 
-0.018866 
-0.050197 
0.300000 
-0.008759 
-0.081527 
0.300000 
0.087254 
-0.053565 
0.300000 
-0.098203 
-0.010780 
0.300000 
0.002695 
-0.060977 
0.300000 
-0.006401 
-0.069062 
0.300000 
0.067883 
-0.007243 
0.300000 
-0.109152 
-0.006906 
0.300000 
-0.004716 
-0.084222 
0.300000 
-0.016676 
-0.076474 
0.300000 
0.015160 
-0.086412 
0.300000 
0.105109 
0.008085 
0.300000 
-0.067883 
-0.076642 
0.300000 
0.065693 
-0.041606 
0.300000 
0.061988 
-0.075632 
0.300000 
0.001684 
-0.056261 
0.300000 
0.017687 
-0.078495 
0.300000 
0.063672 
-0.007917 
0.300000 
0.054239 
0.003369 
0.300000 
-0.117238 
-0.011117 
0.300000 
-0.075800 
-0.064683 
0.300000 
0.084728 
0.015497 
0.300000 
-0.067715 
-0.085233 
0.300000 
-0.106794 
-0.008759 
0.300000 
0.074453 
-0.007412 
0.300000 
0.087591 
-0.046491 
0.300000 
0.041943 
0.004716 
0.300000 
-0.003369 
-0.048512 
0.300000 
0.036047 
0.005222 
0.300000 
0.076474 
-0.026109 
0.300000 
0.092981 
-0.024593 
0.300000 
0.109657 
0.018866 
0.300000 
-0.008085 
-0.084054 
0.300000 
0.045480 
0.009433 
0.300000 
0.095677 
-0.072431 
0.300000 
-0.155980 
-0.049186 
0.300000 
-0.152779 
0.006906 
0.300000 
-0.121280 
-0.002358 
0.300000 
-0.115216 
-0.004380 
0.300000 
-0.029815 
-0.031836 
0.300000 
-0.085738 
-0.048007 
0.300000 
-0.089781 
-0.004716 
0.300000 
-0.074284 
-0.074789 
0.300000 
-0.110331 
0.031331 
0.300000 
-0.076811 
0.003706 
0.300000 
-0.095171 
-0.053060 
0.300000 
0.108478 
0.012970 
0.300000 
0.100561 
-0.010107 
0.300000 
0.070241 
0.000674 
0.300000 
-0.076474 
0.009433 
0.300000 
-0.083043 
-0.083549 
0.300000 
-0.118922 
-0.010949 
0.300000 
0.093824 
-0.021392 
0.300000 
-0.073610 
0.003200 
0.300000 
-0.006569 
-0.061819 
0.300000 
0.092813 
-0.079337 
0.300000 
-0.097529 
-0.055755 
0.300000 
-0.078495 
0.075969 
0.300000 
-0.087254 
-0.051713 
0.300000 
0.098203 
-0.000674 
0.300000 
-0.006401 
-0.084054 
0.300000 
-0.086075 
-0.041943 
0.300000 
0.087591 
0.013476 
0.300000 
-0.066199 
-0.069568 
0.300000 
0.063504 
-0.000337 
0.300000 
0.050197 
0.016171 
0.300000 
-0.142673 
-0.005727 
0.300000 
-0.085570 
-0.065020 
0.300000 
-0.006401 
-0.073273 
0.300000 
-0.004380 
-0.064683 
0.300000 
-0.124144 
-0.025772 
0.300000 
0.032510 
-0.002527 
0.300000 
0.112016 
-0.064346 
0.300000 
-0.132903 
-0.010949 
0.300000 
0.040595 
0.007075 
0.300000 
0.112353 
-0.000000 
0.300000 
0.052555 
0.003537 
0.300000 
0.061988 
-0.067041 
0.300000 
0.064009 
0.005727 
0.300000 
-0.131218 
-0.017855 
0.300000 
0.097698 
0.002190 
0.300000 
0.103257 
-0.006569 
0.300000 
-0.047501 
-0.071252 
0.300000 
-0.153958 
0.040932 
0.300000 
0.112858 
-0.004885 
0.300000 
0.052218 
-0.003369 
0.300000 
0.104436 
-0.041774 
0.300000 
-0.147726 
0.021898 
0.300000 
-0.003537 
-0.061988 
0.300000 
0.089781 
0.000337 
0.300000 
-0.079001 
0.057945 
0.300000 
0.095340 
-0.039921 
0.300000 
0.102583 
-0.033015 
0.300000 
0.097193 
0.007748 
0.300000 
-0.094834 
-0.012128 
0.300000 
0.100730 
0.007580 
0.300000 
-0.121786 
0.001011 
0.300000 
-0.156990 
0.037563 
0.300000 
0.092308 
-0.001011 
0.300000 
-0.025772 
0.014486 
0.300000 
-0.083885 
-0.063335 
0.300000 
0.061819 
-0.021224 
0.300000 
-0.066873 
-0.028299 
0.300000 
0.122291 
-0.021898 
0.300000 
-0.008254 
-0.059629 
0.300000 
0.037900 
0.006401 
0.300000 
0.105278 
-0.000168 
0.300000 
0.124481 
-0.072431 
0.300000 
-0.101572 
-0.002021 
0.300000 
0.082706 
-0.076474 
0.300000 
0.092645 
0.017687 
0.300000 
0.103257 
-0.035542 
0.300000 
-0.106120 
-0.031836 
0.300000 
0.078158 
0.014486 
0.300000 
-0.119764 
-0.008591 
0.300000 
0.110837 
-0.005559 
0.300000 
0.039585 
-0.075800 
0.300000 
-0.073442 
-0.057777 
0.300000 
0.135430 
-0.072431 
0.300000 
-0.153958 
-0.034531 
0.300000 
0.077316 
-0.007917 
0.300000 
-0.118080 
-0.024930 
0.300000 
0.038405 
0.000505 
0.300000 
-0.080685 
0.012802 
0.300000 
0.102751 
-0.041101 
0.300000 
-0.011286 
-0.073610 
0.300000 
-0.149074 
0.001011 
0.300000 
0.030657 
-0.005896 
0.300000 
0.116732 
-0.008759 
0.300000 
0.033689 
-0.073442 
0.300000 
0.053397 
-0.018529 
0.300000 
-0.023245 
-0.007412 
0.300000 
0.026109 
-0.041943 
0.300000 
0.100730 
-0.042111 
0.300000 
-0.101067 
-0.053565 
0.300000 
-0.009938 
-0.051544 
0.300000 
-0.064346 
0.078495 
0.300000 
-0.136272 
-0.013307 
0.300000 
0.110837 
-0.072431 
0.300000 
-0.153958 
-0.046154 
0.300000 
0.030994 
-0.000505 
0.300000 
-0.108984 
-0.067715 
0.300000 
-0.085738 
-0.083380 
0.300000 
-0.103762 
-0.002527 
0.300000 
-0.076811 
0.076811 
0.300000 
-0.045649 
-0.072768 
0.300000 
0.108647 
0.011286 
0.300000 
0.088602 
-0.038237 
0.300000 
0.090455 
0.002695 
0.300000 
0.088602 
0.015160 
0.300000 
0.036889 
-0.016171 
0.300000 
0.063167 
-0.056934 
0.300000 
-0.125660 
-0.020719 
0.300000 
-0.001684 
-0.059293 
0.300000 
-0.117911 
-0.051039 
0.300000 
-0.145873 
0.028299 
0.300000 
0.035036 
0.007075 
0.300000 
0.090118 
-0.009601 
0.300000 
0.102246 
-0.000674 
0.300000 
-0.054239 
-0.064514 
0.300000 
0.103425 
0.008422 
0.300000 
0.112184 
-0.009770 
0.300000 
0.122796 
-0.025435 
0.300000 
0.057945 
0.006738 
0.300000 
0.104941 
-0.006064 
0.300000 
-0.123133 
-0.001348 
0.300000 
-0.018360 
-0.046659 
0.300000 
0.105783 
-0.029983 
0.300000 
-0.124818 
-0.044638 
0.300000 
0.097866 
-0.014992 
0.300000 
-0.096856 
-0.001516 
0.300000 
-0.124818 
-0.005727 
0.300000 
-0.144526 
-0.006232 
0.300000 
0.095340 
-0.006232 
0.300000 
-0.087254 
0.016844 
0.300000 
0.061988 
-0.002527 
0.300000 
-0.105783 
0.013476 
0.300000 
-0.038911 
-0.073947 
0.300000 
0.079674 
0.000337 
0.300000 
-0.153285 
-0.038911 
0.300000 
-0.085570 
-0.085738 
0.300000 
-0.119596 
-0.029815 
0.300000 
0.074958 
0.013981 
0.300000 
0.096350 
-0.008254 
0.300000 
-0.146715 
0.024256 
0.300000 
0.106962 
-0.035542 
0.300000 
0.040764 
-0.003874 
0.300000 
0.088265 
-0.007748 
0.300000 
-0.075969 
-0.062325 
0.300000 
0.085233 
0.003706 
0.300000 
0.065357 
-0.009264 
0.300000 
0.114542 
0.014486 
0.300000 
-0.042785 
0.031668 
0.300000 
0.096182 
-0.013476 
0.300000 
0.098540 
0.004380 
0.300000 
0.053397 
0.006906 
0.300000 
-0.082201 
-0.079001 
0.300000 
0.109152 
-0.022403 
0.300000 
0.001853 
-0.074116 
0.300000 
-0.109657 
-0.035205 
0.300000 
0.094497 
0.010107 
0.300000 
0.005727 
-0.060977 
0.300000 
0.001853 
-0.058113 
0.300000 
-0.150926 
0.005896 
0.300000 
0.117574 
-0.042617 
0.300000 
0.073947 
0.004211 
0.300000 
0.075632 
-0.014655 
0.300000 
0.097024 
-0.006232 
0.300000 
0.096013 
0.015665 
0.300000 
-0.073273 
-0.067883 
0.300000 
-0.000168 
-0.067209 
0.300000 
0.037732 
0.004548 
0.300000 
0.010780 
-0.032510 
0.300000 
0.106457 
0.012296 
0.300000 
0.108478 
0.009601 
0.300000 
0.003706 
-0.071589 
0.300000 
0.098877 
0.007580 
0.300000 
-0.075800 
-0.053397 
0.300000 
-0.096519 
-0.042617 
0.300000 
-0.157664 
-0.049186 
0.300000 
-0.106794 
-0.017350 
0.300000 
0.072094 
0.013812 
0.300000 
-0.116058 
-0.008759 
0.300000 
0.104773 
-0.033520 
0.300000 
0.106457 
0.002864 
0.300000 
0.072094 
-0.010780 
0.300000 
-0.076474 
0.080180 
0.300000 
0.092981 
-0.014318 
0.300000 
-0.126334 
-0.011791 
0.300000 
-0.090118 
-0.006738 
0.300000 
-0.012970 
-0.067546 
0.300000 
0.003874 
-0.075126 
0.300000 
0.095845 
-0.042785 
0.300000 
-0.035373 
0.019203 
0.300000 
-0.153453 
-0.042785 
0.300000 
-0.111342 
-0.023919 
0.300000 
-0.146715 
-0.004211 
0.300000 
-0.005727 
-0.053397 
0.300000 
-0.094161 
0.016002 
0.300000 
-0.077148 
-0.079843 
0.300000 
-0.133914 
-0.004380 
0.300000 
-0.085907 
-0.004211 
0.300000 
-0.053060 
0.073610 
0.300000 
0.117574 
-0.010444 
0.300000 
-0.136946 
0.086075 
0.300000 
0.090623 
-0.014992 
0.300000 
-0.148568 
-0.002527 
0.300000 
-0.119764 
-0.020045 
0.300000 
-0.029309 
-0.074284 
0.300000 
-0.086917 
-0.076811 
0.300000 
0.015497 
-0.048007 
0.300000 
0.104941 
-0.035879 
0.300000 
0.056261 
-0.019034 
0.300000 
-0.118922 
-0.022235 
0.300000 
0.116227 
0.005053 
0.300000 
-0.086581 
0.014823 
0.300000 
-0.136777 
-0.038742 
0.300000 
-0.147558 
0.032678 
0.300000 
0.114037 
0.005390 
0.300000 
0.004716 
-0.058787 
0.300000 
-0.012633 
-0.075295 
0.300000 
-0.101067 
-0.039921 
0.300000 
0.052892 
0.009096 
0.300000 
-0.153790 
0.038405 
0.300000 
-0.051207 
0.077821 
0.300000 
-0.020887 
-0.048681 
0.300000 
-0.107973 
-0.020382 
0.300000 
0.091971 
-0.004716 
0.300000 
0.086917 
0.003369 
0.300000 
0.060809 
0.000337 
0.300000 
0.028972 
-0.062661 
0.300000 
-0.081359 
0.079169 
0.300000 
0.114542 
-0.045649 
0.300000 
-0.002021 
-0.065862 
0.300000 
0.090455 
-0.059293 
0.300000 
-0.139472 
-0.010107 
0.300000 
0.086917 
-0.003874 
0.300000 
-0.104267 
0.084054 
0.300000 
0.087760 
-0.013812 
0.300000 
0.028972 
-0.069399 
0.300000 
0.086581 
-0.060472 
0.300000 
0.108141 
-0.037395 
0.300000 
-0.114879 
-0.055755 
0.300000 
0.124818 
-0.076305 
0.300000 
0.114037 
-0.001179 
0.300000 
0.107973 
-0.002358 
0.300000 
-0.087254 
0.009770 
0.300000 
0.075126 
-0.003874 
0.300000 
0.020382 
-0.035205 
0.300000 
0.087928 
0.011791 
0.300000 
-0.035542 
-0.008254 
0.300000 
-0.105109 
-0.004211 
0.300000 
0.101067 
0.003369 
0.300000 
-0.144357 
-0.029815 
0.300000 
0.004548 
-0.045649 
0.300000 
0.111173 
0.011454 
0.300000 
0.101572 
-0.002864 
0.300000 
0.029478 
-0.041774 
0.300000 
0.142673 
-0.061145 
0.300000 
-0.129702 
0.022572 
0.300000 
-0.115722 
-0.025940 
0.300000 
0.076979 
-0.006232 
0.300000 
0.056429 
-0.006569 
0.300000 
-0.087423 
0.006569 
0.300000 
0.100225 
-0.030320 
0.300000 
0.073779 
-0.005727 
0.300000 
-0.106289 
-0.067378 
0.300000 
-0.110837 
-0.007917 
0.300000 
-0.119764 
-0.004548 
0.300000 
-0.070073 
-0.074453 
0.300000 
-0.150758 
0.002021 
0.300000 
-0.097024 
0.000337 
0.300000 
0.066873 
0.012970 
0.300000 
-0.082706 
0.006906 
0.300000 
0.089613 
0.011286 
0.300000 
-0.093150 
-0.047838 
0.300000 
-0.049354 
0.076305 
0.300000 
0.085401 
-0.056934 
0.300000 
-0.112353 
-0.081190 
0.300000 
-0.116227 
-0.053565 
0.300000 
-0.148737 
0.042617 
0.300000 
-0.154969 
-0.038911 
0.300000 
0.092645 
-0.006401 
0.300000 
0.096519 
-0.011454 
0.300000 
0.089444 
-0.069736 
0.300000 
-0.067378 
-0.083380 
0.300000 
0.006232 
-0.052723 
0.300000 
0.069905 
-0.079337 
0.300000 
0.117406 
-0.036047 
0.300000 
-0.149074 
0.011286 
0.300000 
-0.082033 
0.077485 
0.300000 
-0.087254 
-0.029646 
0.300000 
0.103762 
0.050197 
0.300000 
0.045985 
0.007243 
0.300000 
0.101067 
-0.015497 
0.300000 
-0.029478 
-0.008254 
0.300000 
-0.108141 
0.044301 
0.300000 
0.088602 
-0.002527 
0.300000 
-0.109321 
-0.005222 
0.300000 
-0.110837 
-0.085233 
0.300000 
-0.084559 
-0.054071 
0.300000 
0.095003 
-0.036552 
0.300000 
-0.098035 
-0.019371 
0.300000 
0.081864 
-0.012465 
0.300000 
0.098540 
-0.004548 
0.300000 
0.113363 
-0.012633 
0.300000 
-0.112858 
0.037395 
0.300000 
0.116564 
-0.004716 
0.300000 
0.007580 
-0.073779 
0.300000 
0.114206 
-0.072431 
0.300000 
-0.076979 
0.073273 
0.300000 
-0.086244 
0.011454 
0.300000 
0.084222 
-0.012802 
0.300000 
-0.020719 
-0.052555 
0.300000 
0.113026 
-0.023077 
0.300000 
0.109826 
-0.008591 
0.300000 
0.050533 
0.008759 
0.300000 
-0.115385 
-0.006401 
0.300000 
-0.127850 
-0.002358 
0.300000 
0.095677 
-0.028972 
0.300000 
-0.085570 
0.007075 
0.300000 
0.118754 
-0.024761 
0.300000 
0.067378 
-0.001348 
0.300000 
-0.092981 
0.077821 
0.300000 
-0.069905 
0.078495 
0.300000 
-0.092476 
0.015328 
0.300000 
0.107805 
-0.014992 
0.300000 
-0.103762 
-0.000842 
0.300000 
0.071926 
-0.079506 
0.300000 
0.005727 
-0.043796 
0.300000 
-0.085065 
-0.046322 
0.300000 
0.104604 
-0.011791 
0.300000 
0.099045 
-0.019876 
0.300000 
0.105615 
-0.002021 
0.300000 
0.027120 
-0.035036 
0.300000 
0.108815 
-0.029646 
0.300000 
0.067883 
0.000505 
0.300000 
-0.117238 
-0.006906 
0.300000 
-0.131218 
-0.007075 
0.300000 
-0.109826 
0.036216 
0.300000 
0.026783 
-0.061819 
0.300000 
0.060809 
-0.028130 
0.300000 
-0.124818 
-0.019034 
0.300000 
0.118754 
-0.064177 
0.300000 
0.041606 
0.003032 
0.300000 
0.063841 
0.011454 
0.300000 
0.049860 
-0.003200 
0.300000 
0.090960 
-0.079337 
0.300000 
-0.132903 
-0.018192 
0.300000 
-0.088939 
0.072768 
0.300000 
0.102414 
0.006401 
0.300000 
0.106794 
-0.061988 
0.300000 
-0.098540 
-0.005053 
0.300000 
0.094329 
0.006906 
0.300000 
0.033689 
-0.055587 
0.300000 
-0.030825 
-0.075969 
0.300000 
0.109152 
-0.011791 
0.300000 
0.038405 
-0.040595 
0.300000 
0.153453 
-0.039248 
0.300000 
-0.026614 
-0.014486 
0.300000 
-0.087086 
-0.045817 
0.300000 
-0.114037 
-0.025098 
0.300000 
-0.098709 
0.000337 
0.300000 
0.083717 
-0.002864 
0.300000 
0.002358 
-0.064177 
0.300000 
0.042111 
-0.043122 
0.300000 
-0.065862 
0.080348 
0.300000 
0.085738 
0.005896 
0.300000 
-0.087591 
0.013139 
0.300000 
0.035542 
-0.053060 
0.300000 
-0.104099 
0.001853 
0.300000 
-0.008254 
-0.056261 
0.300000 
255 255 255 
201 221 226 
41 48 60 
192 206 216 
255 255 255 
160 171 182 
245 253 255 
255 255 255 
255 255 255 
255 255 255 
255 255 255 
158 146 146 
255 255 255 
105 132 142 
55 70 73 
252 255 255 
62 118 179 
255 255 255 
100 123 132 
234 255 255 
255 255 255 
131 126 125 
99 124 135 
255 250 233 
251 255 255 
41 41 51 
13 17 32 
44 47 56 
83 94 107 
59 69 73 
104 130 138 
108 135 149 
245 255 255 
233 249 255 
33 42 55 
10 18 25 
121 135 147 
136 151 167 
203 216 231 
220 247 255 
161 165 180 
255 255 255 
187 214 224 
207 210 217 
154 186 212 
237 249 204 
255 255 235 
243 255 255 
166 184 183 
177 182 190 
143 166 173 
102 123 132 
251 255 255 
196 222 230 
207 238 244 
47 53 70 
255 255 255 
183 205 217 
129 140 151 
20 22 36 
238 247 255 
203 203 198 
19 27 43 
59 69 89 
249 253 255 
144 154 162 
39 52 78 
66 119 170 
135 161 178 
131 139 146 
190 194 209 
155 181 187 
226 230 232 
142 140 148 
185 193 213 
183 193 213 
174 194 199 
144 152 159 
249 238 231 
149 152 159 
160 167 179 
230 235 243 
233 255 255 
90 119 166 
101 102 105 
252 248 240 
229 232 220 
36 39 46 
243 234 228 
48 52 65 
127 125 123 
48 55 67 
165 188 195 
143 168 179 
170 181 194 
155 166 179 
208 209 212 
188 181 161 
198 195 199 
87 96 107 
161 172 185 
242 252 246 
67 73 90 
50 58 63 
45 63 91 
186 184 185 
56 67 78 
192 198 217 
159 166 180 
197 202 201 
183 180 184 
199 219 220 
177 193 222 
201 216 223 
255 255 255 
110 141 145 
145 155 161 
148 141 151 
255 255 254 
212 213 216 
220 225 221 
62 74 78 
175 183 192 
246 246 243 
144 144 154 
255 255 255 
185 185 182 
100 105 113 
164 148 133 
208 216 223 
163 173 165 
198 199 204 
174 168 173 
173 180 194 
174 190 217 
145 155 163 
206 214 202 
96 115 106 
242 255 255 
221 226 225 
72 77 76 
70 71 103 
155 162 144 
72 90 107 
221 244 253 
226 228 223 
179 180 168 
255 251 243 
228 243 227 
195 202 216 
71 80 80 
179 188 201 
134 139 145 
155 195 241 
60 62 59 
236 230 223 
179 179 179 
169 162 146 
229 222 225 
208 186 178 
87 113 132 
125 138 164 
255 255 255 
35 42 40 
148 143 113 
203 218 236 
190 194 196 
247 222 223 
62 51 48 
55 75 103 
82 88 105 
226 232 223 
204 212 221 
191 195 199 
188 212 204 
160 187 157 
156 192 237 
59 68 81 
196 193 169 
191 194 203 
150 157 171 
67 67 64 
223 225 225 
209 207 203 
132 135 146 
163 172 185 
141 146 152 
75 80 86 
214 234 248 
120 123 130 
121 130 132 
255 255 235 
89 93 95 
244 253 255 
82 89 84 
150 160 178 
95 116 112 
164 209 251 
185 188 199 
188 189 192 
170 183 169 
129 183 238 
179 184 178 
241 245 249 
131 141 133 
111 152 205 
133 132 135 
205 207 181 
78 78 75 
159 193 250 
64 67 74 
91 92 84 
144 126 105 
81 86 80 
171 185 181 
3 18 32 
138 155 161 
147 134 127 
114 124 128 
229 224 212 
153 151 163 
202 178 170 
205 224 232 
236 245 255 
186 194 214 
134 148 160 
239 254 240 
203 191 179 
56 67 78 
136 137 140 
51 50 55 
170 170 167 
160 169 171 
127 125 123 
156 187 243 
193 194 199 
185 184 187 
190 188 184 
149 151 151 
130 91 79 
169 168 161 
149 138 123 
156 155 158 
150 153 160 
174 178 180 
71 94 119 
131 129 125 
176 145 133 
147 150 161 
151 158 153 
99 102 122 
155 149 142 
153 168 154 
69 79 97 
182 183 160 
220 206 192 
116 143 153 
129 103 93 
10 18 34 
41 45 49 
136 147 160 
200 200 197 
218 205 200 
33 46 72 
214 220 237 
143 153 173 
152 152 149 
78 88 104 
119 120 112 
224 222 218 
201 203 200 
191 206 209 
173 183 187 
189 195 182 
148 162 174 
66 72 91 
202 200 198 
119 86 77 
226 228 228 
141 108 101 
205 207 207 
75 86 99 
90 117 129 
171 173 170 
128 119 113 
153 118 103 
205 208 200 
189 202 217 
138 160 174 
33 42 55 
18 26 42 
207 206 199 
148 142 149 
146 106 97 
150 144 139 
69 70 62 
201 202 207 
84 71 66 
123 123 109 
56 69 86 
143 175 155 
172 173 178 
142 155 170 
106 99 99 
141 148 146 
134 137 144 
188 187 190 
176 167 161 
110 134 154 
176 164 152 
130 131 134 
159 138 123 
154 115 103 
222 189 182 
192 166 145 
143 124 112 
127 147 163 
144 187 239 
150 147 153 
255 255 255 
148 156 176 
132 130 126 
134 136 133 
130 139 150 
159 158 161 
231 230 221 
179 181 178 
141 147 150 
28 33 41 
34 49 56 
128 137 160 
168 164 158 
157 166 179 
148 149 152 
75 71 63 
95 93 103 
203 205 219 
105 111 130 
155 159 172 
45 55 63 
141 144 151 
189 199 207 
30 31 23 
31 44 63 
176 178 173 
174 179 173 
35 50 66 
104 127 150 
134 161 191 
138 137 130 
170 173 180 
179 185 204 
53 64 91 
129 148 167 
171 141 126 
86 89 109 
152 151 154 
116 132 143 
102 132 141 
111 82 76 
0 5 30 
144 145 150 
85 98 117 
165 174 185 
214 215 220 
99 68 74 
181 184 191 
0 0 18 
105 75 60 
137 164 165 
45 92 109 
139 137 138 
81 62 64 
175 191 189 
142 152 158 
114 128 140 
120 76 66 
105 119 131 
132 135 153 
87 72 61 
119 79 70 
255 255 255 
149 153 157 
28 30 44 
148 145 151 
113 88 89 
86 105 126 
224 220 212 
160 164 166 
147 147 144 
221 220 223 
75 65 69 
108 116 121 
135 152 172 
154 159 167 
197 191 186 
162 185 182 
160 151 143 
97 88 69 
210 174 154 
135 154 187 
113 115 112 
255 255 255 
164 165 170 
115 124 147 
164 162 160 
140 152 174 
180 182 182 
133 144 155 
124 130 133 
153 172 166 
116 93 90 
98 94 103 
134 142 158 
228 230 230 
213 175 156 
144 122 116 
175 184 184 
62 66 68 
120 148 125 
134 141 139 
186 161 144 
133 133 130 
200 223 208 
131 133 133 
199 196 181 
92 95 102 
130 155 126 
156 157 149 
168 173 181 
137 138 141 
207 208 211 
192 187 186 
121 139 175 
205 206 211 
108 76 60 
150 148 149 
152 156 160 
255 255 255 
231 243 249 
123 131 149 
240 241 244 
111 109 107 
160 169 169 
158 168 174 
96 94 95 
161 165 169 
145 153 158 
58 60 43 
143 141 139 
49 73 93 
154 129 110 
123 122 127 
161 166 174 
186 171 162 
48 63 49 
140 152 160 
129 135 152 
120 116 110 
110 107 65 
136 141 140 
108 108 105 
137 145 133 
140 146 149 
222 202 184 
130 132 129 
166 174 162 
223 222 225 
102 102 99 
255 255 250 
72 20 30 
172 186 182 
127 137 153 
104 104 101 
145 155 159 
95 105 121 
124 121 136 
30 48 76 
14 8 13 
168 156 156 
130 131 134 
93 97 101 
215 217 217 
88 99 98 
122 135 123 
161 169 178 
101 77 83 
117 117 114 
153 137 93 
109 118 131 
138 139 131 
114 134 148 
193 191 189 
162 176 188 
134 136 133 
130 139 150 
124 128 132 
107 129 145 
137 146 157 
163 173 193 
35 50 66 
115 126 115 
155 164 187 
119 121 118 
109 107 105 
140 151 164 
175 180 179 
111 126 131 
206 208 208 
127 129 129 
146 150 152 
35 55 79 
148 151 158 
159 166 164 
152 157 167 
140 152 156 
90 96 99 
146 144 142 
166 171 179 
122 126 128 
97 108 121 
142 149 147 
156 149 147 
135 139 152 
117 122 121 
160 167 165 
118 126 142 
133 146 161 
63 76 93 
109 109 106 
134 137 144 
94 101 124 
143 138 137 
161 167 170 
141 149 165 
170 166 160 
125 120 117 
123 132 143 
121 121 91 
196 188 194 
146 153 151 
0 5 13 
174 164 154 
103 99 93 
30 25 24 
99 104 84 
149 126 111 
149 140 134 
0 23 41 
139 139 139 
119 119 114 
135 135 132 
176 174 170 
108 107 98 
255 255 251 
87 85 81 
98 98 82 
87 94 106 
133 135 135 
98 119 138 
218 183 168 
126 127 115 
193 225 226 
150 152 152 
239 244 240 
138 143 139 
78 94 105 
91 92 95 
133 132 125 
108 115 127 
144 142 138 
179 189 209 
116 118 118 
165 175 193 
93 94 86 
199 166 155 
125 125 120 
137 147 141 
154 169 187 
44 113 172 
161 155 160 
138 164 103 
123 119 141 
194 196 191 
148 146 144 
133 141 148 
136 142 129 
213 176 161 
168 174 177 
126 134 162 
236 236 233 
24 49 60 
79 89 56 
146 144 140 
64 66 66 
164 164 159 
95 95 92 
116 120 135 
154 155 158 
86 94 126 
91 89 90 
202 203 206 
160 169 182 
179 178 171 
239 255 255 
185 180 168 
234 234 234 
180 188 195 
101 95 86 
116 135 154 
127 122 119 
93 128 147 
137 151 163 
130 135 141 
122 120 116 
129 129 124 
103 126 107 
52 59 73 
121 123 123 
138 146 166 
136 135 128 
127 128 131 
151 153 148 
124 127 119 
124 133 133 
67 68 58 
108 108 108 
94 101 113 
107 107 104 
214 217 209 
119 119 129 
135 129 136 
85 98 128 
58 68 74 
146 141 143 
43 54 67 
137 145 150 
120 133 152 
82 99 101 
89 95 98 
116 132 141 
80 79 72 
188 173 153 
143 141 137 
66 79 94 
146 146 146 
56 63 61 
132 151 131 
111 108 93 
180 193 212 
86 88 88 
159 157 153 
136 144 151 
124 124 121 
11 19 28 
137 136 129 
147 152 148 
143 151 156 
131 137 138 
16 44 51 
141 143 143 
150 154 158 
167 166 159 
207 201 194 
24 25 28 
137 142 150 
140 142 142 
192 185 185 
230 232 227 
214 209 197 
190 190 185 
127 123 117 
105 110 109 
113 111 112 
62 62 62 
145 149 151 
150 148 144 
47 53 70 
169 167 163 
129 138 138 
136 147 148 
121 120 123 
142 138 128 
113 123 127 
106 97 110 
125 125 122 
113 130 132 
135 140 148 
235 230 218 
87 89 89 
173 174 177 
109 109 104 
109 115 118 
147 180 172 
114 119 99 
0 0 14 
121 124 142 
155 156 159 
137 138 128 
189 183 174 
60 59 52 
255 251 239 
177 178 181 
98 98 93 
154 159 155 
145 149 153 
117 124 119 
159 162 171 
118 122 124 
99 84 92 
227 219 208 
255 255 255 
76 74 72 
203 193 192 
91 95 99 
14 30 41 
67 87 99 
159 158 133 
212 213 216 
73 79 100 
146 146 146 
134 132 133 
74 108 108 
112 117 113 
204 208 212 
130 130 127 
165 170 176 
128 135 149 
231 227 219 
126 126 126 
97 108 107 
156 165 176 
133 138 116 
141 133 120 
135 146 147 
125 133 138 
114 139 123 
107 112 111 
93 97 101 
117 125 130 
148 150 150 
68 72 74 
137 136 129 
22 31 44 
163 158 144 
88 95 109 
55 61 62 
47 45 41 
135 136 126 
110 108 104 
127 134 132 
131 127 121 
110 111 103 
80 78 76 
255 255 255 
141 144 136 
14 29 43 
116 122 143 
65 63 59 
74 73 66 
145 150 156 
114 116 111 
192 188 180 
100 102 97 
135 144 146 
112 116 131 
127 126 119 
137 139 136 
100 102 99 
83 82 85 
121 131 135 
160 166 167 
151 151 148 
68 76 94 
172 176 180 
126 89 34 
107 108 100 
172 174 171 
148 154 155 
68 88 45 
125 125 122 
189 187 188 
134 133 122 
190 195 203 
91 97 98 
118 124 127 
24 30 51 
95 110 73 
141 137 129 
91 128 68 
111 112 104 
125 132 130 
120 132 69 
157 162 156 
103 113 119 
167 176 187 
120 134 146 
108 106 102 
130 129 120 
118 118 115 
235 229 220 
78 88 94 
182 186 188 
168 166 164 
92 98 99 
106 109 116 
130 128 126 
193 181 181 
157 144 92 
128 136 143 
38 36 37 
102 126 144 
136 132 126 
157 156 149 
255 255 248 
112 110 106 
107 117 137 
91 90 93 
94 98 100 
202 192 193 
83 87 91 
89 87 85 
139 148 150 
126 125 128 
120 122 119 
87 116 88 
147 157 175 
93 82 91 
243 237 228 
162 165 174 
87 90 80 
173 181 186 
143 139 129 
3 22 43 
138 144 133 
121 130 141 
95 122 65 
254 255 251 
133 137 152 
147 145 143 
131 133 133 
207 195 195 
202 214 194 
37 31 26 
124 131 129 
139 137 135 
156 157 149 
35 40 36 
138 133 132 
156 151 153 
86 94 82 
155 163 179 
60 62 62 
124 126 126 
200 195 192 
90 96 99 
46 52 55 
241 255 255 
222 221 212 
61 73 97 
112 112 124 
139 144 152 
113 119 122 
127 123 113 
93 97 99 
60 101 28 
136 138 138 
34 49 33 
131 136 135 
103 113 117 
71 91 92 
74 87 106 
135 140 139 
134 135 138 
126 124 125 
123 136 153 
117 117 114 
58 54 48 
134 135 138 
111 111 111 
145 144 135 
225 214 197 
132 132 132 
211 215 219 
94 92 90 
150 148 144 
78 87 112 
150 150 147 
103 102 95 
112 111 102 
115 111 105 
145 145 145 
197 200 209 
198 188 189 
82 156 202 
111 124 139 
121 129 145 
80 82 77 
0 1 20 
128 132 134 
94 104 108 
255 255 255 
126 144 172 
85 85 97 
77 95 119 
108 103 102 
96 96 91 
152 147 146 
135 143 150 
190 188 184 
150 148 146 
177 179 176 
85 130 76 
117 112 109 
84 86 83 
84 82 80 
92 106 118 
116 126 142 
226 225 214 
117 113 107 
110 118 123 
123 130 128 
111 115 117 
122 117 114 
125 133 142 
135 124 121 
11 27 38 
190 185 184 
119 115 109 
72 81 83 
139 151 144 
117 120 129 
115 119 123 
117 122 121 
98 98 95 
102 100 96 
196 187 168 
146 137 129 
128 132 134 
133 134 124 
182 177 176 
182 175 173 
131 130 121 
140 142 139 
117 117 112 
81 99 123 
71 79 99 
83 91 109 
140 142 139 
199 201 198 
90 96 99 
90 122 75 
151 146 134 
144 146 131 
58 58 55 
78 78 78 
105 101 93 
101 84 90 
143 145 145 
81 80 83 
184 200 225 
99 98 87 
119 113 106 
95 94 87 
96 112 141 
126 133 115 
148 143 142 
137 147 144 
135 145 165 
112 111 114 
103 103 98 
193 158 143 
96 130 114 
140 142 142 
242 248 239 
174 187 202 
68 104 60 
0 6 22 
128 123 120 
106 104 102 
139 146 144 
115 138 103 
108 88 81 
170 160 159 
129 128 119 
120 116 106 
155 154 143 
117 116 109 
122 122 122 
2 1000 1978 
