0 0 86.000000 71.000000
0 1 81.302605 70.944870
0 2 76.664818 70.908264
0 3 72.106705 70.856422
0 4 67.538712 70.809273
0 5 63.065041 70.743057
0 6 58.581669 70.652008
0 7 54.267952 70.486397
0 8 49.942669 70.286827
0 9 45.645958 70.087265
1 0 25.000000 137.000000
2 0 257.000000 97.000000
2 1 254.788879 97.014748
2 2 252.701492 97.007835
2 3 250.609146 96.969711
2 4 248.590057 96.954636
2 5 246.480545 96.947388
2 6 244.509033 96.923027
2 7 242.496964 96.940376
2 8 240.466949 96.938240
2 9 238.430756 96.966972
3 0 247.000000 89.000000
3 1 244.883026 88.973701
3 2 242.741760 88.973999
3 3 240.641449 88.948112
3 4 238.557922 88.913071
3 5 236.453400 88.903763
3 6 234.447464 88.884499
3 7 232.331131 88.845390
3 8 230.274841 88.820312
3 9 228.247299 88.807251
4 0 274.000000 73.000000
4 1 271.856445 72.978897
4 2 269.746979 73.020172
4 3 267.658478 73.074974
4 4 265.548737 73.076775
4 5 263.499146 73.125496
5 0 98.000000 138.000000
5 1 95.021667 137.890747
5 2 92.017532 137.827774
5 3 89.082916 137.768631
5 4 86.134857 137.715057
5 5 83.226219 137.667099
5 6 80.346657 137.588898
5 7 77.467773 137.521347
5 8 74.632278 137.452606
5 9 71.777916 137.375595
6 0 281.000000 146.000000
6 1 277.132172 145.989700
6 2 273.287079 145.979462
6 3 269.449615 145.922989
6 4 265.602753 145.885147
6 5 261.795654 145.840683
6 6 258.049988 145.821503
6 7 254.176193 145.766312
6 8 250.318558 145.698181
6 9 246.443573 145.670410
7 0 261.000000 73.000000
7 1 258.880585 72.965683
7 2 256.718567 72.941757
7 3 254.618790 72.964890
7 4 252.555710 72.988777
7 5 250.463486 72.968079
7 6 248.428589 72.988403
7 7 246.378571 72.970016
7 8 244.322556 72.951012
7 9 242.231689 72.984856
8 0 241.000000 72.000000
8 1 238.868896 71.956512
8 2 236.774338 71.905533
8 3 234.693863 71.925377
8 4 232.588150 71.939293
8 5 230.521530 71.913750
8 6 228.441757 71.908554
8 7 226.437317 71.936333
8 8 224.347717 71.907051
8 9 222.299805 71.870903
9 0 98.000000 117.000000
9 1 94.967659 116.965111
9 2 91.935318 116.923485
9 3 88.990753 116.852165
9 4 86.027809 116.797729
9 5 83.137436 116.741516
9 6 80.240318 116.660400
9 7 77.352882 116.559395
9 8 74.448341 116.499908
9 9 71.591560 116.412361
10 0 271.000000 92.000000
10 1 268.881744 92.020027
10 2 266.744446 92.009102
10 3 264.626312 92.011002
10 4 262.517548 91.984673
10 5 260.460846 91.988373
10 6 258.380798 91.993256
10 7 256.337463 92.108841
11 0 260.000000 145.000000
11 1 256.343811 144.964600
11 2 253.192383 144.919556
11 3 250.205261 144.898026
11 4 247.220627 144.866425
11 5 244.290314 144.882889
11 6 241.330765 144.892548
11 7 238.353424 144.890686
11 8 235.391327 144.887268
11 9 232.427231 144.891449
12 0 251.000000 73.000000
12 1 248.889450 72.987656
12 2 246.792099 72.951820
12 3 244.670822 72.955818
12 4 242.600540 72.941254
12 5 240.534256 72.917809
12 6 238.464661 72.904778
12 7 236.477768 72.909767
12 8 234.353928 72.854042
12 9 232.264084 72.833054
13 0 290.000000 196.000000
13 1 286.188477 196.226318
13 2 282.343811 196.377106
13 3 278.528381 196.514465
13 4 274.680542 196.657257
13 5 270.861328 196.817139
13 6 267.092773 196.984894
13 7 263.319427 197.150757
13 8 259.482239 197.301254
13 9 255.548508 197.517288
14 0 150.000000 122.000000
14 1 147.814362 121.970627
14 2 145.627899 121.917229
14 3 143.472488 121.875198
14 4 141.332123 121.796539
14 5 139.239594 121.757027
14 6 137.068329 121.711624
14 7 134.984177 121.646721
14 8 132.862473 121.610352
14 9 130.720413 121.551270
15 0 292.000000 84.000000
15 1 287.881714 84.073189
15 2 283.730316 84.064598
15 3 279.647583 84.096397
15 4 275.631378 84.243767
15 5 271.565430 84.274277
15 6 267.439117 84.211426
15 7 263.486633 84.363808
15 8 259.417023 84.327667
15 9 255.314102 84.305946
16 0 284.000000 74.000000
17 0 138.000000 122.000000
17 1 135.421371 122.046097
17 2 132.815567 122.062157
17 3 130.275940 122.089111
17 4 127.757133 122.099083
17 5 125.274918 122.112167
17 6 122.811226 122.205223
17 7 120.451065 122.268402
17 8 118.041046 122.358238
17 9 115.620560 122.427444
18 0 173.000000 189.000000
18 1 168.281799 188.875595
18 2 163.560486 188.748978
18 3 158.900482 188.610901
18 4 154.341171 188.487961
18 5 149.719223 188.302979
18 6 145.208405 188.134857
18 7 140.662354 187.948792
18 8 136.084686 187.741791
18 9 131.502472 187.594559
19 0 111.000000 112.000000
19 1 108.030823 111.970757
19 2 105.045006 111.934860
19 3 102.111526 111.854012
19 4 99.246460 111.786339
19 5 96.344185 111.725899
19 6 93.464256 111.673386
19 7 90.631813 111.598457
19 8 87.769501 111.516632
19 9 84.920265 111.469398
20 0 282.000000 89.000000
21 0 112.000000 141.000000
21 1 109.104355 140.874344
21 2 106.154984 140.812119
21 3 103.251701 140.750092
21 4 100.370468 140.680344
21 5 97.478180 140.598434
21 6 94.618187 140.523483
21 7 91.824646 140.458557
21 8 88.965309 140.390228
21 9 86.182114 140.308228
22 0 258.000000 109.000000
22 1 255.896729 109.032486
22 2 253.778000 108.993858
22 3 251.741379 109.030792
22 4 249.655823 109.004524
22 5 247.620361 109.021492
22 6 245.558731 108.987083
22 7 243.514191 109.008369
22 8 241.447479 109.039505
22 9 239.348709 109.049957
23 0 94.000000 166.000000
23 1 89.426338 165.949585
23 2 84.925919 165.846863
23 3 80.412849 165.698151
23 4 75.958450 165.536316
23 5 71.508080 165.386703
23 6 67.180588 165.196793
23 7 62.822098 164.928940
23 8 58.502048 164.683258
23 9 54.240509 164.435059
24 0 92.000000 90.000000
24 1 87.377823 89.914398
24 2 82.718010 89.885597
24 3 78.174377 89.886993
24 4 73.640480 89.899063
24 5 69.141136 89.865738
24 6 64.732216 89.853912
24 7 60.326153 89.818748
24 8 55.912029 89.758392
24 9 51.591496 89.654564
25 0 291.000000 113.000000
25 1 286.920074 113.012115
25 2 282.836426 113.032143
25 3 278.777039 113.083153
25 4 274.646240 113.071114
25 5 270.591949 113.019302
25 6 266.550293 113.001274
25 7 262.515045 113.000267
25 8 258.522491 112.974503
25 9 254.377167 113.033432
26 0 142.000000 98.000000
26 1 139.849060 97.929680
26 2 137.666687 97.869812
26 3 135.552979 97.825500
26 4 133.381699 97.793068
26 5 131.356445 97.727188
26 6 129.313644 97.677315
26 7 127.300316 97.613708
26 8 125.257317 97.545624
26 9 123.216301 97.490921
27 0 94.000000 177.000000
27 1 89.476891 176.953064
27 2 84.989014 176.903015
27 3 80.482918 176.779236
27 4 76.048225 176.638107
27 5 71.673012 176.510986
27 6 67.356979 176.391418
27 7 63.053337 176.220200
27 8 58.719749 175.946259
27 9 54.476887 175.707916
28 0 118.000000 59.000000
29 0 113.000000 213.000000
29 1 109.148315 212.872894
29 2 105.335724 212.751328
29 3 101.571762 212.660675
29 4 97.787102 212.517258
29 5 94.001717 212.373398
29 6 90.194977 212.223633
29 7 86.416878 212.032211
29 8 82.617981 211.836823
29 9 78.907928 211.650589
30 0 151.000000 60.000000
30 1 148.834564 60.006748
30 2 146.649704 60.017708
30 3 144.536850 60.026913
30 4 142.396484 60.013138
30 5 140.287460 60.012100
30 6 138.152054 59.955120
30 7 136.043304 59.954437
30 8 133.948441 59.950882
30 9 131.826340 59.953915
31 0 94.000000 148.000000
32 0 131.000000 207.000000
32 1 126.911720 206.862915
32 2 122.730118 206.705444
32 3 118.673820 206.570633
32 4 114.436623 206.479446
32 5 110.268646 206.434982
32 6 105.891693 206.397934
32 7 101.393333 206.345093
32 8 96.988533 206.241913
32 9 92.866142 206.041595
33 0 287.000000 160.000000
33 1 283.166748 160.222382
33 2 279.255554 160.370636
33 3 275.481262 160.574097
33 4 271.585297 160.701218
33 5 267.779816 160.824753
33 6 263.930664 161.026398
33 7 260.128571 161.227066
33 8 256.254883 161.395065
33 9 252.415863 161.602203
34 0 102.000000 214.000000
34 1 98.148972 213.838562
34 2 94.146118 213.704193
34 3 90.416771 213.555099
34 4 86.577583 213.450195
34 5 82.770622 213.345016
34 6 78.984428 213.214066
34 7 75.326416 213.015503
34 8 71.610001 212.837860
34 9 67.868500 212.679077
35 0 268.000000 106.000000
35 1 265.895355 106.037094
35 2 263.729187 106.066132
35 3 261.613678 106.068764
35 4 259.484558 106.104889
35 5 257.400574 106.112526
35 6 255.298279 106.102989
35 7 253.220078 106.112663
35 8 251.066940 106.136810
36 0 52.000000 64.000000
36 1 49.456223 63.923912
36 2 46.851009 63.866936
36 3 44.263081 63.857628
36 4 41.665878 63.820362
36 5 39.110916 63.770840
36 6 36.566452 63.740269
36 7 34.112854 63.706646
36 8 31.596523 63.681549
36 9 29.046232 63.714249
37 0 160.000000 195.000000
37 1 155.356796 194.910217
37 2 150.701523 194.804062
37 3 146.090332 194.686493
37 4 141.519592 194.543198
37 5 136.948685 194.428986
37 6 132.441376 194.277924
37 7 127.947891 194.114883
37 8 123.477394 193.945206
37 9 119.030113 193.754913
38 0 157.000000 103.000000
38 1 154.875259 102.944420
38 2 152.714417 102.874725
38 3 150.611374 102.803055
38 4 148.500900 102.746391
38 5 146.439590 102.715492
38 6 144.356995 102.622131
38 7 142.324142 102.565117
38 8 140.226105 102.508720
38 9 138.099823 102.405830
39 0 277.000000 203.000000
39 1 271.972382 203.133194
39 2 266.824402 203.329132
39 3 261.845551 203.573608
39 4 256.720276 203.771362
39 5 251.749130 203.855743
39 6 246.654022 204.050598
39 7 241.584656 204.181290
39 8 236.481812 204.199448
39 9 231.415848 204.264786
40 0 254.000000 184.000000
40 1 250.653229 184.177277
40 2 247.223953 184.363724
40 3 243.918137 184.555145
40 4 240.533417 184.708405
40 5 237.242004 184.953613
40 6 233.940887 185.187363
40 7 230.582321 185.367950
40 8 227.312515 185.585541
40 9 223.944473 185.873993
41 0 204.000000 37.000000
41 1 202.943558 37.043285
41 2 201.900177 37.066067
41 3 200.898636 37.029255
41 4 199.868225 37.032562
41 5 198.865082 37.046234
41 6 197.920685 37.006981
41 7 196.949875 36.971954
41 8 195.953903 36.946266
41 9 194.943039 36.911362
42 0 277.000000 214.000000
42 1 271.932800 214.117355
42 2 266.820923 214.233307
42 3 261.755920 214.332672
42 4 256.682587 214.434891
42 5 251.539322 214.543091
42 6 246.480774 214.637985
42 7 241.454651 214.727615
42 8 236.319977 214.767731
42 9 231.202286 214.829468
43 0 203.000000 70.000000
43 1 201.899460 69.959465
43 2 200.812912 69.895470
43 3 199.798737 69.861420
43 4 198.830399 69.872795
43 5 197.764877 69.951996
43 6 196.758545 70.031044
43 7 195.756531 70.020493
43 8 194.737030 69.933205
43 9 193.493286 69.918053
44 0 139.000000 58.000000
44 1 136.726578 58.020802
44 2 134.475098 58.034775
44 3 132.376236 58.026325
44 4 130.222000 58.000996
44 5 128.099930 58.003174
44 6 125.968719 58.013500
44 7 123.791702 58.000965
44 8 121.737450 57.989212
44 9 119.595520 57.988403
45 0 288.000000 215.000000
46 0 162.000000 60.000000
46 1 159.854385 60.019398
46 2 157.656952 60.011978
46 3 155.556976 60.030209
46 4 153.426498 60.035469
46 5 151.290421 60.032669
46 6 149.224380 60.031979
46 7 147.146210 60.024433
46 8 145.064621 60.014736
46 9 142.942825 59.988941
47 0 260.000000 210.000000
47 1 254.867065 210.106445
47 2 249.778183 210.187408
47 3 244.697800 210.249588
47 4 239.603699 210.324356
47 5 234.574112 210.380875
47 6 229.453842 210.409271
47 7 224.371552 210.448059
47 8 219.273666 210.480209
47 9 214.225677 210.514771
48 0 92.000000 104.000000
48 1 87.368988 103.632454
48 2 82.681992 103.301071
48 3 78.111725 102.927109
48 4 73.570694 102.552185
48 5 69.094582 102.218918
48 6 64.597099 101.855103
48 7 60.119705 101.565697
48 8 55.674198 101.422592
48 9 51.322460 101.424774
49 0 222.000000 200.000000
49 1 216.437866 200.280579
49 2 210.879135 200.617676
49 3 205.479706 200.832397
49 4 200.110779 201.258026
49 5 194.744263 201.444855
49 6 189.399887 201.830276
49 7 184.037201 202.367081
49 8 178.699478 202.115997
49 9 173.372528 201.658005
50 0 133.000000 154.000000
50 1 130.232788 153.868240
50 2 127.415504 153.809006
50 3 124.680855 153.654694
50 4 121.910820 153.530563
50 5 119.244926 153.347244
50 6 116.524132 153.243286
50 7 113.911758 153.071579
50 8 111.215607 152.944550
50 9 108.556763 152.785965
51 0 263.000000 128.000000
51 1 260.846924 128.028000
51 2 258.653168 128.036194
51 3 256.565521 128.050308
51 4 254.482788 128.060715
51 5 252.352249 128.068985
51 6 250.337799 128.058456
51 7 248.249268 128.102066
51 8 246.160461 128.110718
51 9 244.148636 128.114929
52 0 62.000000 139.000000
52 1 57.064514 138.808441
52 2 52.125164 138.622253
52 3 47.232380 138.425385
52 4 42.411190 138.230133
52 5 37.593601 138.032135
52 6 32.867012 137.794815
52 7 28.235332 137.574036
53 0 204.000000 198.000000
53 1 198.573975 197.978500
53 2 193.251724 197.942398
53 3 187.984497 197.999344
53 4 182.508301 197.812195
53 5 177.259262 197.767700
53 6 171.928864 197.609528
53 7 166.565857 197.560272
53 8 161.335632 197.521072
53 9 156.068451 197.427719
54 0 73.000000 128.000000
54 1 68.068077 127.907043
54 2 63.105968 127.697647
54 3 58.261890 127.539948
54 4 53.449944 127.340607
54 5 48.679459 127.186195
54 6 43.980022 126.965218
54 7 39.291851 126.827560
54 8 34.598652 126.646904
54 9 29.998056 126.487167
55 0 284.000000 130.000000
56 0 183.000000 47.000000
56 1 180.812210 47.013153
56 2 178.716568 46.969330
56 3 176.630478 46.955166
56 4 174.599304 46.950432
56 5 172.599289 46.946648
56 6 170.559723 46.967789
56 7 168.513931 46.920277
56 8 166.429581 46.874725
56 9 164.392792 46.860962
57 0 292.000000 94.000000
57 1 287.973236 94.098656
57 2 283.894012 94.112007
57 3 279.810211 94.092133
57 4 275.734894 94.117638
57 5 271.675842 94.203087
57 6 267.624908 94.130234
57 7 263.636658 94.158455
57 8 259.586517 94.115288
57 9 255.474060 94.233780
58 0 82.000000 188.000000
58 1 77.215683 187.751831
58 2 72.418755 187.485855
58 3 67.671265 187.211594
58 4 63.005058 186.967133
58 5 58.407413 186.589722
58 6 53.784321 186.340515
58 7 49.190315 186.032791
58 8 44.667099 185.709564
58 9 40.186047 185.379181
59 0 55.000000 150.000000
59 1 50.141533 149.743866
59 2 45.271179 149.539780
59 3 40.418537 149.339294
59 4 35.575073 149.126968
59 5 30.860285 148.849915
59 6 26.202049 148.615952
60 0 56.000000 127.000000
60 1 51.143139 126.891220
60 2 46.223141 126.755997
60 3 41.378521 126.559044
60 4 36.553459 126.393517
60 5 31.724688 126.209007
60 6 27.035648 126.017029
61 0 183.000000 115.000000
61 1 180.811417 114.273514
61 2 178.659729 113.632462
61 3 176.526810 113.224922
61 4 174.253799 113.065086
61 5 171.645218 113.066315
61 6 168.516449 113.176765
61 7 165.150238 113.263138
61 8 161.620407 113.249626
61 9 158.069077 113.249908
62 0 249.000000 204.000000
62 1 243.929230 204.112976
62 2 238.758957 204.193222
62 3 233.720001 204.267151
62 4 228.574219 204.341507
62 5 223.589706 204.353302
62 6 218.434036 204.453781
62 7 213.379761 204.488571
62 8 208.365646 204.441360
62 9 203.356308 204.401169
63 0 170.000000 204.000000
63 1 165.072083 203.948441
63 2 160.138428 203.898499
63 3 155.324631 203.875732
63 4 150.465698 203.816711
63 5 145.673431 203.764481
63 6 140.899353 203.659424
63 7 136.142090 203.561310
63 8 131.392502 203.432251
63 9 126.627556 203.283615
64 0 232.000000 202.000000
64 1 226.844315 202.208405
64 2 221.703644 202.381516
64 3 216.630844 202.419693
64 4 211.533051 202.606522
64 5 206.445038 202.616226
64 6 201.415115 202.755890
64 7 196.395828 202.766266
64 8 191.329254 202.622559
64 9 186.263702 202.577164
65 0 75.000000 150.000000
65 1 70.137367 149.764450
65 2 65.268768 149.584167
65 3 60.460342 149.432281
65 4 55.629036 149.331284
65 5 50.917126 149.149948
65 6 46.252975 148.926178
65 7 41.565384 148.715393
65 8 36.898251 148.540176
65 9 32.306557 148.338593
66 0 225.000000 57.000000
66 1 222.973587 56.942390
66 2 220.960831 56.921101
66 3 218.919098 56.864956
66 4 216.920303 56.794224
66 5 214.942856 56.790508
66 6 212.977692 56.716480
66 7 211.021698 56.661476
66 8 209.040710 56.679485
66 9 207.092178 56.622513
67 0 111.000000 131.000000
67 1 108.080177 130.973099
67 2 105.126762 130.898560
67 3 102.252403 130.917999
67 4 99.353912 130.888702
67 5 96.470917 130.789093
67 6 93.641243 130.652115
67 7 90.769127 130.548416
67 8 87.945305 130.369278
67 9 85.137001 130.312469
68 0 184.000000 101.000000
68 1 181.646454 100.923889
68 2 179.092880 100.663895
68 3 175.814423 100.016769
69 0 76.000000 138.000000
69 1 71.114609 137.844147
69 2 66.197983 137.695374
69 3 61.365108 137.528183
69 4 56.586666 137.339661
69 5 51.885349 137.161789
69 6 47.146355 136.965012
69 7 42.444607 136.807648
69 8 37.753689 136.614182
69 9 33.140953 136.450378
70 0 43.000000 116.000000
70 1 38.088856 115.859146
70 2 33.187931 115.688995
70 3 28.404509 115.561295
71 0 137.000000 77.000000
71 1 134.784775 76.992371
71 2 132.484528 77.008133
71 3 130.361115 76.913971
71 4 128.147064 76.847054
71 5 125.976990 76.795059
71 6 123.798561 76.790474
71 7 121.689323 76.782562
71 8 119.600204 76.722107
71 9 117.499214 76.747658
72 0 257.000000 87.000000
72 1 254.826309 86.972572
72 2 252.704254 86.936256
72 3 250.622833 86.883133
72 4 248.550491 86.882339
72 5 246.482559 86.828690
72 6 244.483871 86.846443
72 7 242.384506 86.906601
72 8 240.356918 86.934082
72 9 238.299500 86.979103
73 0 255.000000 165.000000
73 1 251.700668 165.345245
73 2 248.430862 165.447495
73 3 245.167038 165.678177
73 4 241.942261 165.846924
73 5 238.687881 166.069550
73 6 235.455505 166.470688
73 7 232.290390 166.728256
73 8 228.999420 167.145493
73 9 225.710785 167.652298
74 0 225.000000 212.000000
74 1 219.322723 212.319382
74 2 213.512024 212.627686
74 3 207.773712 212.960602
74 4 202.075699 213.432022
74 5 196.363922 213.919998
74 6 190.779160 214.693436
75 0 32.000000 71.000000
75 1 27.369162 70.938232
76 0 104.000000 151.000000
76 1 101.051392 150.902924
76 2 98.015221 150.797394
76 3 95.044563 150.718628
76 4 92.155457 150.600021
76 5 89.335518 150.506958
76 6 86.467140 150.384109
76 7 83.632271 150.308594
76 8 80.785362 150.194550
76 9 78.001961 150.062469
77 0 160.000000 118.000000
77 1 157.797058 117.902252
77 2 155.553955 117.864998
77 3 153.448578 117.834381
77 4 151.291168 117.765007
77 5 149.202438 117.707771
77 6 147.044647 117.696060
77 7 144.976242 117.645805
77 8 142.870468 117.553291
77 9 140.768814 117.469482
78 0 72.000000 188.000000
78 1 67.165718 187.783829
78 2 62.319000 187.549957
78 3 57.514641 187.304382
78 4 52.738663 186.973770
78 5 48.061443 186.701004
78 6 43.417149 186.443054
78 7 38.778526 186.124084
78 8 34.232109 185.852890
78 9 29.620914 185.556885
79 0 121.000000 115.000000
79 1 118.093239 114.976646
79 2 115.270294 114.972130
79 3 112.434029 114.946465
79 4 109.614822 114.933189
79 5 106.739571 114.856224
79 6 103.852722 114.785248
79 7 101.012062 114.732086
79 8 98.328033 114.744171
79 9 95.590042 114.710411
80 0 121.000000 203.000000
80 1 117.333138 202.915024
80 2 113.635857 202.902176
80 3 110.032700 202.847229
80 4 106.482201 202.793991
80 5 102.896759 202.774139
80 6 99.341797 202.668152
80 7 95.750130 202.664658
80 8 92.170830 202.634613
80 9 88.620071 202.575012
81 0 222.000000 71.000000
81 1 220.160950 69.993088
81 2 218.407257 69.150131
81 3 216.348740 68.800774
81 4 213.999435 68.738205
81 5 211.459045 68.852432
81 6 208.870255 68.977425
81 7 206.358795 69.206833
81 8 203.916504 69.553291
81 9 201.633575 70.053696
82 0 237.000000 212.000000
82 1 231.863235 212.076080
82 2 226.680283 212.133530
82 3 221.608231 212.168045
82 4 216.457260 212.163437
82 5 211.384811 212.173615
82 6 206.285080 212.187912
82 7 201.246445 212.162262
82 8 196.148972 212.083145
82 9 191.081314 212.046005
83 0 95.000000 42.000000
83 1 92.226120 41.897926
83 2 89.448357 41.753548
83 3 86.712440 41.658047
83 4 84.124321 41.641880
83 5 81.539047 41.705067
83 6 78.973152 41.758389
83 7 76.523590 41.836571
83 8 74.016167 41.946148
83 9 71.495911 42.019741
84 0 281.000000 115.000000
84 1 277.030090 115.755394
84 2 273.028442 116.498657
84 3 269.070709 117.243958
84 4 265.095886 117.937241
84 5 261.107452 118.545334
84 6 257.359253 118.923599
84 7 253.708496 119.176971
84 8 249.916183 119.446861
84 9 245.709274 119.722816
85 0 31.000000 105.000000
85 1 26.324064 104.816154
86 0 203.000000 187.000000
86 1 197.876221 186.971313
86 2 192.736389 186.960236
86 3 187.633408 186.910355
86 4 182.436493 186.789536
86 5 177.361542 186.746490
86 6 172.285172 186.631485
86 7 167.090729 186.501511
86 8 161.981003 186.387558
86 9 156.905655 186.258072
87 0 152.000000 90.000000
87 1 149.866440 89.982376
87 2 147.606049 89.937653
87 3 145.532120 89.918953
87 4 143.302551 89.848488
87 5 141.210205 89.834152
87 6 139.130051 89.787796
87 7 137.141068 89.783180
87 8 135.034744 89.751823
87 9 133.030609 89.717232
88 0 168.000000 70.000000
88 1 165.780548 69.987434
88 2 163.596619 69.953232
88 3 161.454971 69.952950
88 4 159.305847 69.907936
88 5 157.190475 69.873680
88 6 155.079025 69.872849
88 7 152.909775 69.793167
88 8 150.798706 69.781158
88 9 148.656525 69.771294
89 0 76.000000 173.000000
89 1 71.168991 172.850998
89 2 66.386795 172.714294
89 3 61.651787 172.511978
89 4 56.922981 172.302963
89 5 52.293098 172.115402
89 6 47.620014 171.921906
89 7 43.081299 171.711716
89 8 38.560219 171.579483
89 9 33.965965 171.296326
90 0 138.000000 88.000000
90 1 135.796555 87.768066
90 2 133.487808 87.634132
90 3 131.336823 87.489525
90 4 129.160141 87.419411
90 5 126.976135 87.365753
90 6 124.928886 87.337906
90 7 122.798729 87.307182
90 8 120.751511 87.334091
90 9 118.674995 87.243217
91 0 88.000000 213.000000
91 1 83.384995 212.809555
91 2 78.879463 212.503143
91 3 74.423248 212.253937
91 4 70.000763 211.965378
91 5 65.646355 211.707687
91 6 61.281063 211.363434
91 7 57.052525 211.076431
91 8 52.777096 210.850296
91 9 48.491596 210.578018
92 0 184.000000 87.000000
92 1 181.718719 86.954895
92 2 179.533203 86.898674
92 3 177.263138 86.930641
92 4 174.808365 86.973289
92 5 172.309662 86.139893
92 6 170.243652 83.990509
92 7 168.185181 82.487762
92 8 166.074173 81.592636
92 9 163.939285 81.008522
93 0 52.000000 140.000000
93 1 47.215267 139.760010
93 2 42.359413 139.538879
93 3 37.497822 139.353851
93 4 32.740253 139.128387
93 5 27.995935 138.897324
94 0 245.000000 101.000000
94 1 241.389175 100.243759
94 2 237.759842 99.585350
94 3 234.249893 99.063988
94 4 230.723083 98.357704
94 5 227.230179 97.647659
94 6 223.731323 96.874298
94 7 220.288712 96.227386
94 8 216.823380 95.756821
94 9 213.599426 95.554230
95 0 226.000000 40.000000
95 1 223.954041 40.009640
95 2 221.925171 40.016510
95 3 219.907761 40.071594
95 4 217.945374 40.061291
95 5 215.931671 40.115944
95 6 213.970261 40.104912
95 7 212.008102 40.121181
95 8 210.046402 40.129375
95 9 208.035721 40.151505
96 0 82.000000 198.000000
96 1 77.201675 197.688293
96 2 72.362099 197.461624
96 3 67.648117 197.158340
96 4 62.955769 197.017365
96 5 58.302921 196.698914
96 6 53.681213 196.373596
96 7 49.117367 196.110092
96 8 44.503979 195.748657
96 9 39.899269 195.537048
97 0 215.000000 190.000000
97 1 209.735764 190.137390
97 2 204.543701 190.245453
97 3 199.326920 190.294800
97 4 194.129425 190.293274
97 5 188.909866 190.301208
97 6 183.806885 190.257339
97 7 178.587753 190.241669
97 8 173.364288 190.230133
97 9 168.047760 190.177109
98 0 169.000000 129.000000
98 1 164.943893 129.196304
98 2 161.207184 129.581192
98 3 157.750549 129.842346
98 4 154.172318 129.954758
98 5 150.394653 129.951752
98 6 146.814804 129.830093
98 7 143.212494 129.715088
98 8 139.552795 129.652130
98 9 136.016647 129.565628
99 0 134.000000 197.000000
100 0 193.000000 117.000000
100 1 189.583237 116.968948
100 2 186.164597 116.890182
100 3 182.803314 116.958458
100 4 179.902252 117.199783
100 5 177.046326 117.471199
100 6 174.168976 117.735046
100 7 171.175034 117.860931
100 8 167.553543 117.826454
100 9 163.675903 117.762695
101 0 124.000000 42.000000
101 1 121.326073 42.005043
101 2 118.489357 41.936043
101 3 115.730583 41.907967
101 4 113.077591 41.867981
101 5 110.407730 41.858616
101 6 107.738770 41.850052
101 7 105.086243 41.826557
101 8 102.484428 41.831417
101 9 99.775749 41.827190
102 0 64.000000 171.000000
102 1 59.190342 170.789062
102 2 54.337818 170.565811
102 3 49.504593 170.310333
102 4 44.665298 170.033218
102 5 40.044163 169.772949
102 6 35.345390 169.522919
102 7 30.680632 169.274734
102 8 26.059959 168.997803
103 0 135.000000 108.000000
103 1 132.328125 107.753548
103 2 129.634232 107.519020
103 3 127.007607 107.257256
103 4 124.334045 107.039925
103 5 121.710281 106.881264
103 6 119.123726 106.722328
103 7 116.453926 106.531075
103 8 113.759895 106.402336
103 9 111.177299 106.280525
104 0 264.000000 191.000000
104 1 260.763885 191.530762
104 2 257.727112 192.235809
104 3 254.685883 192.813126
104 4 251.508896 193.343658
104 5 248.220123 193.784363
104 6 244.724564 194.266663
104 7 241.077484 194.720245
104 8 237.314697 195.193344
104 9 233.346909 195.464508
105 0 247.000000 214.000000
105 1 241.866989 214.114685
105 2 236.663422 214.241257
105 3 231.627380 214.318939
105 4 226.480988 214.412918
105 5 221.443527 214.429718
105 6 216.357712 214.468414
105 7 211.261627 214.506744
105 8 206.233093 214.467545
105 9 201.141891 214.472122
106 0 253.000000 125.000000
106 1 249.296417 124.823189
106 2 245.591675 124.737206
106 3 241.819412 124.673462
106 4 239.123795 124.604103
106 5 236.939743 124.615898
106 6 234.520569 124.568314
106 7 232.226959 124.418465
106 8 230.080383 124.385239
106 9 227.957916 124.391090
107 0 154.000000 140.000000
107 1 150.344864 139.963486
107 2 146.661224 139.960205
107 3 143.051956 139.881470
107 4 139.584076 139.719604
107 5 135.943741 139.627563
107 6 132.445267 139.451904
107 7 128.992752 139.269928
107 8 125.480362 139.090454
107 9 122.080780 138.841568
108 0 108.000000 58.000000
108 1 105.311180 58.087093
108 2 102.572609 58.200359
108 3 99.866272 58.445393
108 4 97.233765 58.666920
108 5 94.725296 58.832603
108 6 92.330902 58.968513
108 7 89.960854 59.064293
108 8 87.640045 59.172344
108 9 85.424049 59.267178
109 0 134.000000 168.000000
109 1 131.265457 167.948227
109 2 128.535919 167.849564
109 3 125.814781 167.683273
109 4 123.002243 167.604202
109 5 120.163773 167.647766
109 6 117.059731 167.564194
109 7 113.702148 167.685791
109 8 110.262276 167.905563
109 9 106.747993 168.183624
110 0 274.000000 125.000000
110 1 271.809631 125.026634
110 2 269.733673 125.054741
110 3 267.494995 125.078468
110 4 265.200012 125.017159
111 0 108.000000 40.000000
111 1 105.420982 39.996658
111 2 102.624535 39.923790
111 3 99.759010 39.805634
111 4 97.058167 39.767147
111 5 94.367172 39.711315
111 6 91.810295 39.695362
111 7 89.141731 39.623314
111 8 86.463135 39.605011
111 9 83.868423 39.593616
112 0 131.000000 133.000000
112 1 128.228180 132.894669
112 2 125.499947 132.758865
112 3 122.860092 132.523926
112 4 120.159134 132.369766
112 5 117.446930 132.201279
112 6 114.879433 131.895889
112 7 112.210960 131.715973
112 8 109.578270 131.541183
112 9 107.037788 131.220352
113 0 56.000000 161.000000
113 1 51.188610 160.707413
113 2 46.268436 160.468552
113 3 41.450447 160.231491
113 4 36.629005 159.983231
113 5 31.984573 159.685532
113 6 27.336868 159.456238
114 0 78.000000 116.000000
114 1 73.155792 115.928032
114 2 68.215134 115.797905
114 3 63.411293 115.668579
114 4 58.628624 115.533180
114 5 53.944347 115.420944
114 6 49.204849 115.214272
114 7 44.471901 115.002930
114 8 39.786812 114.862396
114 9 35.289375 114.720444
115 0 139.000000 183.000000
115 1 135.157852 183.261078
115 2 131.260284 183.549973
115 3 127.465744 183.803864
115 4 123.685539 184.037567
115 5 119.864349 184.296814
115 6 116.040207 184.532288
115 7 112.311752 184.609070
115 8 108.675049 184.440475
115 9 105.012001 184.377853
116 0 214.000000 135.000000
116 1 209.878693 135.017593
116 2 205.737473 135.034241
116 3 201.621063 135.039902
116 4 197.450317 135.055084
116 5 193.353790 135.083618
116 6 189.241180 135.084183
116 7 185.172012 135.046783
116 8 181.091919 135.063675
116 9 177.004944 135.054291
117 0 200.000000 87.000000
117 1 196.334763 87.051125
117 2 192.596069 87.060341
117 3 188.894409 86.978004
117 4 185.309723 87.016220
117 5 181.654221 87.023499
117 6 178.077530 87.022003
117 7 174.441055 87.100105
117 8 170.976807 87.236557
117 9 167.431564 87.419334
118 0 31.000000 115.000000
118 1 26.256290 115.030418
119 0 157.000000 70.000000
119 1 154.819626 69.961212
119 2 152.568359 69.944031
119 3 150.451630 69.912430
119 4 148.352173 69.921486
119 5 146.225449 69.881439
119 6 144.095566 69.896591
119 7 142.002853 69.876259
119 8 139.942596 69.891136
119 9 137.826324 69.826302
120 0 295.000000 148.000000
120 1 290.881378 148.091934
120 2 286.752106 148.172943
120 3 282.680603 148.245819
120 4 278.506134 148.372742
120 5 274.421570 148.395721
120 6 270.281464 148.453766
120 7 266.220306 148.550446
120 8 262.066193 148.524475
120 9 257.985107 148.535324
121 0 213.000000 125.000000
121 1 208.935471 124.990410
121 2 204.801880 125.014397
121 3 200.679642 124.991463
121 4 196.592941 125.037025
121 5 192.534409 125.043907
121 6 188.390594 125.010368
121 7 184.383255 125.049080
121 8 180.324127 125.069588
121 9 176.246323 124.997719
122 0 266.000000 62.000000
122 1 263.891541 61.973732
122 2 261.748138 61.939133
122 3 259.674744 61.954155
122 4 257.613617 62.033459
122 5 255.521454 62.001488
122 6 253.497406 61.978725
122 7 251.448685 61.960079
122 8 249.390030 61.917747
122 9 247.212387 61.891590
123 0 88.000000 114.000000
123 1 84.226799 113.830635
123 2 78.120781 113.795357
123 3 73.448059 113.622856
123 4 68.937042 113.396774
123 5 64.479012 113.215523
123 6 59.878838 113.110176
123 7 55.398357 112.969727
123 8 50.952011 112.751701
123 9 47.456154 112.512520
124 0 149.000000 40.000000
124 1 147.865433 40.072186
124 2 146.726746 40.073208
124 3 145.786011 40.062481
124 4 144.710876 40.061741
124 5 143.773453 40.058098
124 6 142.822922 40.072441
124 7 141.866394 40.068470
124 8 140.899933 40.063290
124 9 139.942902 40.073162
125 0 251.000000 36.000000
125 1 249.875183 35.952415
125 2 248.806564 35.818005
125 3 247.812973 35.677410
125 4 246.782898 35.582962
125 5 245.793228 35.507019
125 6 244.760651 35.423649
125 7 243.744583 35.348209
125 8 242.802673 35.287373
125 9 241.722473 35.237366
126 0 195.000000 105.000000
126 1 191.288422 104.918282
126 2 187.331146 104.895142
126 3 183.566559 104.779518
126 4 180.312881 104.655220
126 5 176.615753 104.601089
126 6 172.811096 104.535263
126 7 169.053909 104.491028
126 8 165.391602 104.468964
126 9 161.657104 104.379753
127 0 208.000000 158.000000
127 1 203.725052 158.055786
127 2 199.469482 158.063156
127 3 195.223465 158.022934
127 4 191.054337 158.020660
127 5 186.826370 157.988098
127 6 182.650406 158.002045
127 7 178.504730 158.000183
127 8 174.330627 157.928345
127 9 170.239716 157.897232
128 0 65.000000 149.000000
128 1 59.958122 148.767685
128 2 54.915150 148.525436
128 3 50.137325 148.341370
128 4 45.319805 148.140778
128 5 40.548035 147.892838
128 6 35.694851 147.634689
128 7 31.025898 147.420624
128 8 26.320087 147.153152
129 0 172.000000 60.000000
129 1 169.904572 60.041336
129 2 167.799713 60.002129
129 3 165.742554 60.017727
129 4 163.539932 59.921715
129 5 161.449173 59.921989
129 6 159.396423 59.907562
129 7 157.328461 59.889912
129 8 155.286499 59.899788
129 9 153.235153 59.869076
130 0 46.000000 173.000000
130 1 41.137810 172.696121
130 2 36.278133 172.471710
130 3 31.614769 172.235397
130 4 26.804430 171.896973
131 0 85.000000 24.000000
131 1 82.302353 24.032219
132 0 174.000000 90.000000
132 1 171.737000 89.951126
132 2 169.523148 89.975342
132 3 167.373718 89.946602
132 4 165.200165 89.927559
132 5 163.028595 89.884392
132 6 160.912170 89.841896
132 7 158.880814 89.846031
132 8 156.695648 89.826012
132 9 153.951416 89.831863
133 0 190.000000 182.000000
133 1 185.608917 181.848785
133 2 181.225189 181.709366
133 3 176.855835 181.529785
133 4 172.506393 181.377899
133 5 168.166306 181.237045
133 6 163.841339 181.101395
133 7 159.588379 180.919403
133 8 155.315460 180.742783
133 9 150.996750 180.555069
134 0 131.000000 143.000000
134 1 128.219513 142.844116
134 2 125.423790 142.650818
134 3 122.708725 142.425354
134 4 120.083824 142.168152
134 5 117.325325 142.085083
134 6 114.685104 141.756287
134 7 112.109703 141.470886
134 8 109.387680 141.332520
134 9 106.773521 141.013428
135 0 203.000000 115.000000
135 1 199.073517 114.934120
135 2 195.120483 114.870590
135 3 191.112167 114.821846
135 4 187.081711 114.862808
135 5 183.186676 114.802635
135 6 179.310318 114.739388
135 7 175.550125 114.698906
135 8 171.679047 114.643280
135 9 167.745590 114.593613
136 0 289.000000 61.000000
136 1 286.448578 60.837315
136 2 283.827759 60.658909
136 3 281.560211 60.543030
136 4 279.534698 60.521267
136 5 277.556488 60.506950
136 6 275.511536 60.491783
136 7 273.487976 60.497444
136 8 271.438385 60.508396
136 9 269.301544 60.500069
137 0 78.000000 215.000000
137 1 73.423485 214.585144
137 2 68.686195 214.255936
137 3 64.138000 213.955032
137 4 59.664360 213.513794
137 5 54.960251 213.296936
137 6 50.348202 212.963196
137 7 46.038712 212.522858
137 8 41.487457 212.210327
137 9 37.131275 211.812195
138 0 212.000000 80.000000
138 1 208.462234 79.954102
138 2 204.948380 79.997833
138 3 201.492294 79.984985
138 4 197.979767 80.023048
138 5 194.476608 80.021973
138 6 191.041626 80.067238
138 7 187.516678 80.047096
138 8 184.061722 80.109505
138 9 180.601242 80.048645
139 0 241.000000 112.000000
139 1 237.178818 111.973793
139 2 233.384857 111.896027
139 3 229.496017 111.844849
139 4 226.037933 111.579926
139 5 222.945801 110.997444
139 6 219.603775 110.428802
139 7 216.004410 109.760857
139 8 212.351181 109.210518
139 9 208.508423 108.601936
140 0 187.000000 204.000000
141 0 194.000000 36.000000
141 1 192.911301 36.020889
141 2 191.858124 36.031876
141 3 190.856049 36.164185
141 4 189.889542 36.139225
141 5 189.000610 36.158474
141 6 188.054047 36.137260
141 7 187.104584 36.124271
141 8 186.153595 36.194122
141 9 185.261902 36.154076
142 0 195.000000 172.000000
142 1 190.610596 172.033951
142 2 186.206558 171.954376
142 3 181.836456 171.918839
142 4 177.373734 171.780884
142 5 173.104446 171.726624
142 6 168.678864 171.611053
142 7 164.449493 171.624878
142 8 160.150360 171.479294
142 9 155.771347 171.412918
143 0 247.000000 147.000000
143 1 243.004089 147.060303
143 2 238.937561 147.045166
143 3 234.918839 147.079376
143 4 230.802414 147.092896
143 5 226.765549 147.110229
143 6 222.751663 147.119202
143 7 218.706680 147.137604
143 8 214.696808 147.116974
143 9 210.681671 147.093781
144 0 197.000000 127.000000
144 1 193.154907 127.014389
144 2 189.321976 126.904205
144 3 185.551407 126.833351
144 4 181.773834 126.761589
144 5 178.008026 126.642166
144 6 174.295151 126.518005
144 7 170.610641 126.403877
144 8 166.853882 126.385757
144 9 163.128723 126.212204
145 0 147.000000 70.000000
145 1 144.793945 70.003159
145 2 142.651093 69.995140
145 3 140.586029 69.931831
145 4 138.436462 69.907555
145 5 136.336868 69.879478
145 6 134.225204 69.846687
145 7 132.195831 69.834389
145 8 130.215088 69.838860
145 9 128.167084 69.787575
146 0 141.000000 207.000000
146 1 136.670242 206.856522
146 2 132.236038 206.702652
146 3 128.034531 206.523468
146 4 123.809036 206.342606
146 5 119.483803 206.154358
146 6 115.238571 205.923691
146 7 111.155846 205.696686
146 8 106.897484 205.506104
146 9 102.729736 205.305359
147 0 53.000000 117.000000
147 1 48.046055 116.933250
147 2 43.101761 116.828575
147 3 38.176643 116.728256
147 4 33.303761 116.601402
147 5 28.599293 116.488541
148 0 294.000000 24.000000
149 0 268.000000 33.000000
149 1 266.899658 33.062187
149 2 265.751831 33.049671
149 3 264.650848 33.042118
149 4 263.543701 33.044056
149 5 262.548492 33.025299
149 6 261.499176 33.036705
149 7 260.482758 33.034203
149 8 259.472260 32.995369
149 9 258.420319 32.983799
0 
0 
0 
0 
0 
0 
1781 
0 
0 
0 
0 
0 
0 
0 
0 
1781 
0 
0 
0 
0 
0 
0 
0 
0 
1781 
0 
0 
0 
0 
0 
0 
0 
0 
1781 
0 
0 
0 
0 
0 
0 
0 
0 
1781 
0 
0 
0 
0 
0 
0 
0 
0 
1781 
0 
0 
0 
0 
0 
0 
0 
0 
1781 
0 
0 
0 
0 
0 
0 
0 
0 
1781 
0 
0 
0 
0 
0 
0 
0 
0 
1781 
0 
0 
0 
0 
0 
0 
0 
0 
1781 
0 
0 
86.000000 
71.000000 
0.300000 
25.000000 
137.000000 
0.300000 
257.000000 
97.000000 
0.300000 
247.000000 
89.000000 
0.300000 
274.000000 
73.000000 
0.300000 
98.000000 
138.000000 
0.300000 
281.000000 
146.000000 
0.300000 
261.000000 
73.000000 
0.300000 
241.000000 
72.000000 
0.300000 
98.000000 
117.000000 
0.300000 
271.000000 
92.000000 
0.300000 
260.000000 
145.000000 
0.300000 
251.000000 
73.000000 
0.300000 
290.000000 
196.000000 
0.300000 
150.000000 
122.000000 
0.300000 
292.000000 
84.000000 
0.300000 
284.000000 
74.000000 
0.300000 
138.000000 
122.000000 
0.300000 
173.000000 
189.000000 
0.300000 
111.000000 
112.000000 
0.300000 
282.000000 
89.000000 
0.300000 
112.000000 
141.000000 
0.300000 
258.000000 
109.000000 
0.300000 
94.000000 
166.000000 
0.300000 
92.000000 
90.000000 
0.300000 
291.000000 
113.000000 
0.300000 
142.000000 
98.000000 
0.300000 
94.000000 
177.000000 
0.300000 
118.000000 
59.000000 
0.300000 
113.000000 
213.000000 
0.300000 
151.000000 
60.000000 
0.300000 
94.000000 
148.000000 
0.300000 
131.000000 
207.000000 
0.300000 
287.000000 
160.000000 
0.300000 
102.000000 
214.000000 
0.300000 
268.000000 
106.000000 
0.300000 
52.000000 
64.000000 
0.300000 
160.000000 
195.000000 
0.300000 
157.000000 
103.000000 
0.300000 
277.000000 
203.000000 
0.300000 
254.000000 
184.000000 
0.300000 
204.000000 
37.000000 
0.300000 
277.000000 
214.000000 
0.300000 
203.000000 
70.000000 
0.300000 
139.000000 
58.000000 
0.300000 
288.000000 
215.000000 
0.300000 
162.000000 
60.000000 
0.300000 
260.000000 
210.000000 
0.300000 
92.000000 
104.000000 
0.300000 
222.000000 
200.000000 
0.300000 
133.000000 
154.000000 
0.300000 
263.000000 
128.000000 
0.300000 
62.000000 
139.000000 
0.300000 
204.000000 
198.000000 
0.300000 
73.000000 
128.000000 
0.300000 
284.000000 
130.000000 
0.300000 
183.000000 
47.000000 
0.300000 
292.000000 
94.000000 
0.300000 
82.000000 
188.000000 
0.300000 
55.000000 
150.000000 
0.300000 
56.000000 
127.000000 
0.300000 
183.000000 
115.000000 
0.300000 
249.000000 
204.000000 
0.300000 
170.000000 
204.000000 
0.300000 
232.000000 
202.000000 
0.300000 
75.000000 
150.000000 
0.300000 
225.000000 
57.000000 
0.300000 
111.000000 
131.000000 
0.300000 
184.000000 
101.000000 
0.300000 
76.000000 
138.000000 
0.300000 
43.000000 
116.000000 
0.300000 
137.000000 
77.000000 
0.300000 
257.000000 
87.000000 
0.300000 
255.000000 
165.000000 
0.300000 
225.000000 
212.000000 
0.300000 
32.000000 
71.000000 
0.300000 
104.000000 
151.000000 
0.300000 
160.000000 
118.000000 
0.300000 
72.000000 
188.000000 
0.300000 
121.000000 
115.000000 
0.300000 
121.000000 
203.000000 
0.300000 
222.000000 
71.000000 
0.300000 
237.000000 
212.000000 
0.300000 
95.000000 
42.000000 
0.300000 
281.000000 
115.000000 
0.300000 
31.000000 
105.000000 
0.300000 
203.000000 
187.000000 
0.300000 
152.000000 
90.000000 
0.300000 
168.000000 
70.000000 
0.300000 
76.000000 
173.000000 
0.300000 
138.000000 
88.000000 
0.300000 
88.000000 
213.000000 
0.300000 
184.000000 
87.000000 
0.300000 
52.000000 
140.000000 
0.300000 
245.000000 
101.000000 
0.300000 
226.000000 
40.000000 
0.300000 
82.000000 
198.000000 
0.300000 
215.000000 
190.000000 
0.300000 
169.000000 
129.000000 
0.300000 
134.000000 
197.000000 
0.300000 
193.000000 
117.000000 
0.300000 
124.000000 
42.000000 
0.300000 
64.000000 
171.000000 
0.300000 
135.000000 
108.000000 
0.300000 
264.000000 
191.000000 
0.300000 
247.000000 
214.000000 
0.300000 
253.000000 
125.000000 
0.300000 
154.000000 
140.000000 
0.300000 
108.000000 
58.000000 
0.300000 
134.000000 
168.000000 
0.300000 
274.000000 
125.000000 
0.300000 
108.000000 
40.000000 
0.300000 
131.000000 
133.000000 
0.300000 
56.000000 
161.000000 
0.300000 
78.000000 
116.000000 
0.300000 
139.000000 
183.000000 
0.300000 
214.000000 
135.000000 
0.300000 
200.000000 
87.000000 
0.300000 
31.000000 
115.000000 
0.300000 
157.000000 
70.000000 
0.300000 
295.000000 
148.000000 
0.300000 
213.000000 
125.000000 
0.300000 
266.000000 
62.000000 
0.300000 
88.000000 
114.000000 
0.300000 
149.000000 
40.000000 
0.300000 
251.000000 
36.000000 
0.300000 
195.000000 
105.000000 
0.300000 
208.000000 
158.000000 
0.300000 
65.000000 
149.000000 
0.300000 
172.000000 
60.000000 
0.300000 
46.000000 
173.000000 
0.300000 
85.000000 
24.000000 
0.300000 
174.000000 
90.000000 
0.300000 
190.000000 
182.000000 
0.300000 
131.000000 
143.000000 
0.300000 
203.000000 
115.000000 
0.300000 
289.000000 
61.000000 
0.300000 
78.000000 
215.000000 
0.300000 
212.000000 
80.000000 
0.300000 
241.000000 
112.000000 
0.300000 
187.000000 
204.000000 
0.300000 
194.000000 
36.000000 
0.300000 
195.000000 
172.000000 
0.300000 
247.000000 
147.000000 
0.300000 
197.000000 
127.000000 
0.300000 
147.000000 
70.000000 
0.300000 
141.000000 
207.000000 
0.300000 
53.000000 
117.000000 
0.300000 
294.000000 
24.000000 
0.300000 
268.000000 
33.000000 
0.300000 
