7 126 882 
0 0 648.000000 -213.000000
1 0 623.279663 -227.455322
2 0 626.419983 -249.036743
3 0 591.239136 -220.003662
4 0 602.677002 -250.631592
5 0 594.421631 -213.016968
6 0 585.805603 -212.420288
0 1 915.000000 923.000000
1 1 919.164185 915.312012
2 1 921.198181 899.710938
3 1 932.474365 910.088928
4 1 945.153564 911.518555
5 1 935.523682 903.445435
6 1 924.657410 902.547852
0 2 785.000000 967.000000
1 2 789.496704 959.824341
2 2 791.825195 929.288330
3 2 804.533081 938.768066
4 2 816.773438 910.656372
5 2 807.160522 946.918945
6 2 796.541748 945.788269
0 3 1081.000000 943.000000
1 3 1085.160278 949.869446
2 3 1086.907959 918.926514
3 3 1095.946289 914.393799
4 3 1110.310669 916.250122
5 3 1099.238037 907.770508
6 3 1087.502441 906.727478
0 4 917.000000 759.000000
1 4 920.505371 751.502808
2 4 922.770508 721.997314
3 4 934.399780 748.902222
4 4 947.697571 720.023926
5 4 937.743713 713.537720
6 4 926.793335 713.026001
0 5 -1072.000000 -173.000000
1 5 -1092.611816 -185.072266
2 5 -1085.717773 -208.959106
3 5 -1108.433350 -192.163696
4 5 -1103.457275 -219.528442
5 5 -1103.682373 -186.717773
6 5 -1112.153809 -186.955444
0 6 214.000000 433.000000
1 6 190.103516 414.674011
2 6 194.421753 388.761963
3 6 159.515137 409.238281
4 6 168.308350 381.078430
5 6 161.891479 415.432312
6 6 153.387939 415.495117
0 7 981.000000 931.000000
1 7 985.131226 922.956177
2 7 987.051270 922.596619
3 7 997.231628 932.783081
4 7 1011.003845 904.456909
5 7 1000.583252 911.100586
6 7 989.352905 910.035889
0 8 952.000000 658.000000
1 8 954.875610 636.069702
2 8 956.750000 679.189453
3 8 968.221680 692.403503
4 8 981.597656 692.210632
5 8 971.086731 700.115906
6 8 960.157532 699.625854
0 9 1081.000000 791.000000
1 9 1084.320679 767.737244
2 9 1086.366455 737.917053
3 9 1096.144653 736.289001
4 9 1110.513550 736.589600
5 9 1098.974243 744.250122
6 9 1087.632935 743.524780
0 10 1129.000000 723.000000
1 10 1131.373413 714.938599
2 10 1133.351562 685.282898
3 10 1142.670654 713.817627
4 10 1157.450317 684.554321
5 10 1145.515503 721.886841
6 10 1134.125488 721.343445
0 11 724.000000 929.000000
1 11 728.274292 922.193787
2 11 730.687134 891.859741
3 11 743.942139 901.562622
4 11 755.699646 888.114624
5 11 747.264648 894.914124
6 11 736.712280 893.839844
0 12 692.000000 954.000000
1 12 697.419861 917.755493
2 12 699.853333 887.599854
3 12 714.210205 868.076355
4 12 725.183105 868.857605
5 12 716.979797 875.857300
6 12 706.594788 874.913391
0 13 1047.000000 985.000000
1 13 1051.287842 992.043579
2 13 1053.104980 960.840332
3 13 1062.565430 955.588867
4 13 1076.735840 927.244751
5 13 1065.774414 964.126221
6 13 1054.091309 962.899048
0 14 1047.000000 939.000000
1 14 1051.074097 946.019409
2 14 1052.946533 915.120911
3 14 1062.614258 925.591797
4 14 1076.717896 912.334473
5 14 1065.816650 903.948242
6 14 1054.346924 903.003296
0 15 1082.000000 762.000000
1 15 1085.225098 768.668701
2 15 1087.306152 738.878418
3 15 1097.096436 737.302979
4 15 1111.463745 737.588013
5 15 1099.927246 745.316284
6 15 1088.622437 744.599609
0 16 730.000000 725.000000
1 16 734.122559 689.862976
2 16 736.920959 661.160095
3 16 750.244385 687.316711
4 16 762.423218 658.694397
5 16 752.942383 694.800903
6 16 742.742920 694.248474
0 17 947.000000 1003.000000
1 17 951.691345 964.457275
2 17 953.824951 933.475464
3 17 964.497314 943.406250
4 17 977.838806 915.053528
5 17 967.562500 951.777222
6 17 956.261780 950.588074
0 18 698.000000 764.000000
1 18 702.291992 728.822571
2 18 705.232971 699.825378
3 18 749.817932 700.669128
4 18 761.150574 700.234131
5 18 752.429321 708.202026
6 18 742.298523 707.603149
0 19 1115.000000 947.000000
1 19 1119.013794 953.746277
2 19 1120.803467 922.730469
3 19 1129.355835 918.161072
4 19 1144.014404 920.008728
5 19 1132.608032 911.541992
6 19 1120.866089 910.527344
0 20 895.000000 953.000000
1 20 899.563354 930.272095
2 20 901.566528 899.675049
3 20 913.227539 895.049683
4 20 925.922119 896.336670
5 20 916.496643 888.359314
6 20 905.334229 887.405518
0 21 1014.000000 981.000000
1 21 1018.531433 942.141602
2 21 1020.512390 911.248047
3 21 1030.502197 906.773132
4 21 1044.288940 893.310791
5 21 1033.674805 900.049988
6 21 1022.191101 899.093323
0 22 863.000000 919.000000
1 22 867.058960 926.661987
2 22 869.103760 896.115295
3 22 880.770386 906.120850
4 22 893.153992 907.517578
5 22 883.813232 914.295471
6 22 872.854980 913.343750
0 23 630.000000 947.000000
1 23 634.331543 940.669434
2 23 637.084534 910.548950
3 23 651.664185 905.134888
4 23 663.193237 877.108154
5 23 655.466370 883.974731
6 23 645.414551 883.130859
0 24 930.000000 733.000000
1 24 933.022705 725.598755
2 24 935.128967 725.332947
3 24 946.784485 723.439087
4 24 959.921570 723.328247
5 24 949.424316 745.536804
6 24 938.555298 745.042603
0 25 -90.000000 -272.000000
1 25 -112.317139 -285.422852
2 25 -105.822021 -308.202637
3 25 -133.760742 -283.078369
4 25 -126.732178 -312.752075
5 25 -130.672485 -276.688354
6 25 -138.630737 -276.421631
0 26 866.000000 727.000000
1 26 868.655640 748.850464
2 26 871.161987 719.409790
3 26 883.132812 746.101807
4 26 896.090576 717.404541
5 26 886.550659 710.838684
6 26 875.936768 710.408569
0 27 578.000000 738.000000
1 27 582.052979 718.018311
2 27 585.239258 689.402344
3 27 542.022156 694.662415
4 27 552.029114 680.001221
5 27 544.370789 701.815247
6 27 534.881653 701.257141
0 28 692.000000 925.000000
1 28 696.511841 918.510132
2 28 698.959839 888.366150
3 28 713.312500 868.807129
4 28 724.292358 869.568787
5 28 716.091187 876.576965
6 28 705.689087 875.637756
0 29 915.000000 953.000000
1 29 919.331665 930.209229
2 29 921.447144 899.410278
3 29 932.862671 894.885864
4 29 945.629211 896.293579
5 29 935.759399 903.114380
6 29 924.893799 902.203186
0 30 80.000000 1191.000000
1 30 56.842163 1168.737061
2 30 60.011841 1137.972534
3 30 23.016968 1147.892212
4 30 31.207642 1120.971436
5 30 24.839478 1155.740112
6 30 16.197266 1154.347412
0 31 660.000000 980.000000
1 31 665.609497 943.925049
2 31 668.006531 913.575439
3 31 681.785828 922.537598
4 31 693.490479 894.440063
5 31 684.362366 930.389893
6 31 674.060242 929.289062
0 32 834.000000 767.000000
1 32 837.539307 745.407593
2 32 839.986633 716.085693
3 32 852.584717 728.361938
4 32 864.929565 713.808350
5 32 854.967529 750.312378
6 32 844.419312 749.550781
0 33 1149.000000 753.000000
1 33 1151.677246 744.320618
2 33 1153.885986 744.298218
3 33 1162.669556 742.944702
4 33 1177.694702 743.183350
5 33 1165.588745 736.235718
6 33 1154.031616 735.568176
0 34 638.000000 744.000000
1 34 641.546143 737.758179
2 34 644.318909 708.975037
3 34 658.828796 720.039062
4 34 670.253052 691.704529
5 34 662.347107 699.724792
6 34 652.509644 699.312012
0 35 882.000000 980.000000
1 35 886.989014 942.299011
2 35 889.164795 911.659790
3 35 900.020630 951.314819
4 35 880.715759 934.062988
5 35 870.808594 970.531189
6 35 859.701477 969.314880
0 36 754.000000 963.000000
1 36 758.937378 941.239807
2 36 761.268799 910.802795
3 36 773.617188 934.923462
4 36 785.760254 906.854858
5 36 776.557861 943.028137
6 36 765.841980 941.821289
0 37 818.000000 941.000000
1 37 822.449585 933.745972
2 37 824.703003 903.286865
3 37 837.294312 898.462646
4 37 849.392578 884.893799
5 37 840.444336 891.790161
6 37 829.590759 890.818604
0 38 461.000000 927.000000
1 38 466.711304 892.861511
2 38 469.414795 863.082153
3 38 453.665344 910.620361
4 38 464.176086 882.869629
5 38 456.318542 918.257935
6 38 446.687439 917.458496
0 39 124.000000 1159.000000
1 39 101.174194 1132.726440
2 39 104.842163 1098.536133
3 39 66.666138 1111.552246
4 39 75.513306 1083.199707
5 39 68.453613 1119.437988
6 39 59.977417 1118.342896
0 40 899.000000 715.000000
1 40 902.104736 707.728516
2 40 904.180542 707.463013
3 40 916.396851 705.666260
4 40 929.083923 705.522034
5 40 919.070618 713.432800
6 40 908.394775 712.727051
0 41 1149.000000 936.000000
1 41 1152.858643 927.273804
2 41 1154.730591 927.048462
3 41 1162.844604 937.737610
4 41 1177.775513 924.430359
5 41 1166.059204 931.147339
6 41 1154.112305 929.974609
0 42 1149.000000 982.000000
1 42 1153.123413 957.478943
2 42 1154.755615 926.350342
3 42 1162.854614 937.054932
4 42 1177.815430 923.709595
5 42 1166.098022 930.434448
6 42 1154.163574 929.300354
0 43 766.000000 937.000000
1 43 770.233215 930.103943
2 43 772.430664 899.658630
3 43 784.828796 923.886902
4 43 797.168823 895.632996
5 43 788.005310 917.354492
6 43 777.458862 916.163879
0 44 580.000000 696.000000
1 44 583.445129 690.100525
2 44 585.347595 689.464600
3 44 542.138245 694.732483
4 44 552.139343 680.075134
5 44 544.466003 701.906006
6 44 534.988953 701.343323
0 45 1095.000000 1025.000000
1 45 1099.321655 969.744202
2 45 1101.090088 938.653931
3 45 1109.577393 979.456909
4 45 1124.172363 951.146362
5 45 1112.908325 988.109253
6 45 1101.150879 986.914246
0 46 -1131.000000 -37.000000
1 46 -1151.440674 -49.876587
2 46 -1144.843994 -75.287109
3 46 -1167.354736 -58.257690
4 46 -1162.437256 -85.897217
5 46 -1162.963135 -53.135254
6 46 -1171.370850 -53.299194
0 47 570.000000 924.000000
1 47 574.728088 903.344238
2 47 577.605408 873.419250
3 47 561.834045 893.153687
4 47 572.106323 879.695923
5 47 564.385864 900.957520
6 47 554.564880 899.924255
0 48 724.000000 900.000000
1 48 729.021179 863.906372
2 48 731.375366 833.928955
3 48 713.783081 854.941528
4 48 725.576416 826.731323
5 48 716.593994 862.885254
6 48 706.185059 862.000671
0 49 1115.000000 994.000000
1 49 1119.106079 969.770325
2 49 1120.894531 938.673584
3 49 1129.323486 964.233032
4 49 1110.327759 947.210083
5 49 1099.180908 984.018616
6 49 1087.366211 982.842163
0 50 835.000000 723.000000
1 50 838.384766 715.913086
2 50 840.301147 715.444458
3 50 852.921753 727.662903
4 50 865.286987 713.163086
5 50 855.327393 749.634644
6 50 844.765259 748.888000
0 51 786.000000 937.000000
1 51 790.369080 930.016785
2 51 792.733704 899.465576
3 51 805.178467 909.235474
4 51 817.264404 895.699036
5 51 808.509399 902.651001
6 51 797.746826 901.573364
0 52 948.000000 927.000000
1 52 952.391846 888.868835
2 52 954.551025 858.532776
3 52 965.339111 869.337524
4 52 978.950562 840.981079
5 52 968.397461 877.599365
6 52 957.244202 876.634216
0 53 1049.000000 743.000000
1 53 1051.821899 734.976074
2 53 1053.899536 734.814453
3 53 1064.159668 747.602539
4 53 1078.278564 733.343628
5 53 1067.123047 741.221252
6 53 1055.905151 740.549255
0 54 994.000000 981.000000
1 54 998.440674 957.622498
2 54 1000.383789 926.664001
3 54 1010.242554 951.891602
4 54 1024.043945 923.501343
5 54 1013.344177 960.349243
6 54 1001.921326 959.217896
0 55 1095.000000 963.000000
1 55 1099.055420 954.440857
2 55 1100.872925 923.315430
3 55 1109.562134 918.863525
4 55 1124.024414 920.611450
5 55 1112.728394 912.205566
6 55 1101.076782 911.138245
0 56 522.000000 877.000000
1 56 526.538086 856.752075
2 56 527.952209 855.917725
3 56 485.512756 843.842651
4 56 494.295532 844.030273
5 56 487.943542 851.220459
6 56 478.237488 850.432739
0 57 734.000000 963.000000
1 57 738.626587 941.427856
2 57 741.065247 910.947021
3 57 753.236450 949.532104
4 57 765.298218 921.478577
5 57 756.101074 957.873047
6 57 745.430176 956.463135
0 58 -205.000000 -1106.000000
1 58 -227.763428 -1118.186035
2 58 -217.396606 -1142.672363
3 58 -241.027466 -1103.427490
4 58 -235.575806 -1141.884766
5 58 -236.985352 -1095.903076
6 58 -245.078857 -1094.603271
0 59 -214.000000 -933.000000
1 59 -236.311035 -945.476807
2 59 -226.560791 -969.891846
3 59 -250.825195 -933.754639
4 59 -245.354980 -970.277100
5 59 -247.209229 -926.541504
6 59 -255.116089 -925.310791
0 60 452.000000 895.000000
1 60 456.871155 875.250000
2 60 459.712402 845.673950
3 60 418.870117 833.755981
4 60 427.528748 833.823303
5 60 421.477173 841.113770
6 60 411.893677 840.356628
0 61 703.000000 974.000000
1 61 708.300293 937.578003
2 61 710.709534 907.273376
3 61 723.436401 931.234924
4 61 735.422241 903.242432
5 61 726.385925 939.119629
6 61 715.815674 938.026855
0 62 482.000000 882.000000
1 62 486.098755 876.519409
2 62 489.072449 846.907104
3 62 447.627686 835.045654
4 62 456.114990 835.114868
5 62 450.025574 842.384033
6 62 440.309875 841.545105
0 63 510.000000 916.000000
1 63 514.157715 910.469177
2 63 517.101929 880.567139
3 63 502.065857 899.831421
4 63 512.872314 871.956787
5 63 504.736206 907.474854
6 63 495.127869 906.596558
0 64 572.000000 880.000000
1 64 575.982056 874.006470
2 64 577.582764 873.032959
3 64 561.817261 892.749756
4 64 572.099365 879.345215
5 64 563.792786 914.927490
6 64 553.881104 914.020508
0 65 394.000000 887.000000
1 65 398.916504 867.584229
2 65 401.919495 838.370117
3 65 417.912292 847.038086
4 65 427.524353 833.138428
5 65 421.476501 840.393188
6 65 411.877014 839.640503
0 66 560.000000 695.000000
1 66 563.250732 689.123779
2 66 565.161194 688.422424
3 66 521.524414 707.259827
4 66 532.096436 678.982422
5 66 523.991150 714.432495
6 66 514.362793 713.843079
0 67 1027.000000 1001.000000
1 67 1031.345215 961.983398
2 67 1033.285645 930.943726
3 67 1042.722778 956.167358
4 67 1023.406738 954.141052
5 67 1012.863770 990.908325
6 67 1001.274780 989.692932
0 68 981.000000 961.000000
1 68 985.204590 952.909546
2 68 987.211731 922.072693
3 68 997.400818 932.263184
4 68 1011.180908 903.884521
5 68 1000.761902 910.521729
6 68 989.533752 909.465088
0 69 464.000000 855.000000
1 69 467.889526 849.561951
2 69 469.421448 848.494385
3 69 455.160461 867.850708
4 69 465.630432 840.236328
5 69 459.237244 847.274597
6 69 449.745667 846.675415
0 70 540.000000 920.000000
1 70 544.811401 899.524658
2 70 547.608704 869.822266
3 70 533.726074 860.962402
4 70 543.782654 847.196533
5 70 536.219299 868.589050
6 70 526.367798 867.612366
0 71 556.000000 -1110.000000
1 71 555.167603 -1124.703125
2 71 563.705139 -1147.481689
3 71 558.460510 -1104.819092
4 71 568.912476 -1144.939697
5 71 560.721436 -1096.652588
6 71 552.545959 -1094.515869
0 72 558.000000 752.000000
1 72 561.947327 732.292847
2 72 564.814270 703.438477
3 72 549.594543 738.920288
4 72 560.421448 710.865601
5 72 552.103699 746.324219
6 72 542.375793 745.793518
0 73 490.000000 728.000000
1 73 494.019958 708.602234
2 73 497.386597 680.202393
3 73 455.323303 698.694336
4 73 465.649841 670.649536
5 73 458.407227 692.088806
6 73 449.197998 691.619629
0 74 432.000000 909.000000
1 74 436.002258 903.727051
2 74 438.589844 873.901062
3 74 425.881409 879.011597
4 74 436.097412 851.199768
5 74 428.264404 886.519165
6 74 418.620911 885.391418
0 75 1049.000000 773.000000
1 75 1052.043213 764.763794
2 75 1054.092407 734.945557
3 75 1064.340942 747.734741
4 75 1078.466553 733.478149
5 75 1067.317261 741.355408
6 75 1056.103638 740.675171
0 76 1164.000000 1003.000000
1 76 1168.121948 994.095032
2 76 1169.800537 962.667725
3 76 1177.403809 988.138062
4 76 1192.482178 959.834900
5 76 1180.880371 997.043762
6 76 1168.843018 995.698425
0 77 405.000000 719.000000
1 77 409.209534 700.153992
2 77 412.597107 671.995178
3 77 400.699707 679.483887
4 77 410.783936 651.514282
5 77 404.837891 659.682068
6 77 395.765137 659.351257
0 78 599.000000 957.000000
1 78 603.349609 950.885254
2 78 605.762268 920.602783
3 78 620.157776 929.220093
4 78 631.573364 901.397461
5 78 622.973816 937.217712
6 78 612.902466 936.174683
0 79 1163.000000 956.000000
1 79 1167.003906 962.739685
2 79 1168.691040 931.465027
3 79 1176.375732 926.943970
4 79 1191.559326 928.995483
5 79 1179.769165 935.690430
6 79 1167.619263 934.579590
0 80 620.000000 701.000000
1 80 623.013672 694.973022
2 80 625.055359 694.341797
3 80 610.386108 702.633911
4 80 620.331116 702.076477
5 80 611.428772 737.610840
6 80 601.710449 737.015198
0 81 374.000000 901.000000
1 81 377.952209 896.170288
2 81 380.821533 866.454346
3 81 369.571716 857.416626
4 81 379.501831 829.657166
5 81 372.020996 864.752075
6 81 362.498047 863.925171
0 82 803.000000 752.000000
1 82 806.416382 744.979919
2 82 808.956421 715.748413
3 82 822.355347 713.352783
4 82 834.226440 713.195007
5 82 824.353088 749.548401
6 82 813.756714 748.928833
0 83 -1111.000000 -33.000000
1 83 -1131.516357 -45.915161
2 83 -1125.005859 -71.103027
3 83 -1147.743408 -54.225952
4 83 -1142.648682 -81.714844
5 83 -1143.312012 -48.988647
6 83 -1151.650391 -49.173096
0 84 606.000000 769.000000
1 84 610.216309 748.713623
2 84 613.148438 719.849976
3 84 597.561768 741.589844
4 84 608.950562 713.348022
5 84 600.272644 749.004395
6 84 590.527222 748.327759
0 85 424.000000 877.000000
1 85 427.857910 871.655884
2 85 430.723083 842.088379
3 85 362.385559 826.852783
4 85 370.477600 826.846802
5 85 363.096375 861.822754
6 85 353.774109 861.185608
0 86 -774.000000 -124.000000
1 86 -794.301392 -137.294556
2 86 -787.667847 -161.766235
3 86 -811.094971 -142.033691
4 86 -805.713135 -170.287354
5 86 -807.042358 -136.382568
6 86 -815.117065 -136.440674
0 87 640.000000 980.000000
1 87 644.923218 959.114990
2 87 647.461548 928.567322
3 87 661.955383 922.784668
4 87 673.388428 894.773804
5 87 664.646667 930.893188
6 87 654.375610 929.654663
0 88 336.000000 894.000000
1 88 339.707031 889.176514
2 88 342.949036 859.718506
3 88 329.529724 892.558228
4 88 339.312622 864.826660
5 88 331.813721 899.850647
6 88 322.502808 898.960815
0 89 919.000000 713.000000
1 89 921.959839 720.250793
2 89 923.947205 719.929688
3 89 935.982056 718.126465
4 89 948.921814 717.920532
5 89 938.770142 725.805664
6 89 927.827209 725.273804
0 90 823.000000 747.000000
1 90 826.276367 739.897705
2 90 828.815674 710.682678
3 90 842.056396 708.714478
4 90 854.046753 708.452393
5 90 844.958862 702.072571
6 90 834.384888 701.529175
0 91 1138.000000 -263.000000
1 91 1105.076660 -277.471924
2 91 1106.708374 -298.584473
3 91 1065.423584 -265.298218
4 91 1077.905029 -297.022583
5 91 1068.896851 -258.055420
6 91 1058.389160 -256.995361
0 92 550.000000 940.000000
1 92 554.749329 919.738220
2 92 557.419861 889.785217
3 92 540.721252 937.958984
4 92 551.538086 909.875854
5 92 543.168030 945.665771
6 92 533.281067 944.494446
0 93 288.000000 905.000000
1 93 291.769653 900.531860
2 93 294.779419 871.042297
3 93 311.689209 879.011719
4 93 321.405212 851.358643
5 93 314.023193 886.459045
6 93 304.678894 885.400085
0 94 484.000000 856.000000
1 94 487.920105 850.527100
2 94 489.456360 849.683899
3 94 447.033508 851.632202
4 94 456.467407 837.860718
5 94 449.557922 859.006042
6 94 440.028198 858.277161
0 95 -126.000000 -629.000000
1 95 -148.613525 -642.204956
2 95 -140.549683 -665.958740
3 95 -166.649780 -634.507080
4 95 -160.216064 -667.818604
5 95 -163.156006 -627.830933
6 95 -171.118774 -626.991211
0 96 369.000000 840.000000
1 96 372.925781 835.140503
2 96 374.351318 833.983154
3 96 362.523926 839.328247
4 96 372.509338 811.618164
5 96 366.715393 818.811279
6 96 357.187378 818.125488
0 97 997.000000 613.000000
1 97 999.362366 591.122131
2 97 1001.638184 562.509155
3 97 1013.411499 549.236938
4 97 1026.522339 562.290527
5 97 1016.189331 556.932129
6 97 1005.409424 556.699646
0 98 403.000000 919.000000
1 98 409.315369 870.967041
2 98 412.301758 841.487671
3 98 398.988953 861.003296
4 98 409.063660 833.177856
5 98 403.120850 840.348145
6 98 393.513611 839.529541
0 99 680.000000 721.000000
1 99 682.863525 728.940796
2 99 685.645630 699.943481
3 99 699.679382 711.448059
4 99 710.934265 697.009094
5 99 702.321228 718.939087
6 99 692.345459 718.342163
0 100 366.000000 869.000000
1 100 369.957825 864.023315
2 100 372.051086 848.803223
3 100 360.208435 853.695435
4 100 370.088318 825.991943
5 100 362.703491 860.928955
6 100 353.414124 860.313049
0 101 927.000000 973.000000
1 101 931.320435 980.562561
2 101 933.368408 949.534546
3 101 944.159424 959.072388
4 101 957.469482 930.893005
5 101 947.185181 967.540405
6 101 935.997498 966.238342
0 102 332.000000 673.000000
1 102 335.765869 654.722595
2 102 337.498840 653.733093
3 102 327.708923 648.017700
4 102 335.446289 646.645569
5 102 330.089172 654.828735
6 102 320.721069 654.363892
0 103 961.000000 947.000000
1 103 965.132446 939.195923
2 103 967.132812 923.518433
3 103 977.481445 933.569214
4 103 991.133911 905.239502
5 103 980.680969 941.848022
6 103 969.294739 940.746582
0 104 649.000000 775.000000
1 104 653.109192 754.411011
2 104 655.971985 725.424316
3 104 670.369507 736.574890
4 104 680.069641 764.317139
5 104 672.830933 743.870728
6 104 662.725464 743.333496
0 105 520.000000 949.000000
1 105 525.615723 914.410950
2 105 528.371582 884.374878
3 105 513.319641 903.863037
4 105 523.741333 875.964539
5 105 515.750122 911.459412
6 105 505.992737 910.364502
0 106 552.000000 897.000000
1 106 556.097534 891.208984
2 106 558.105225 875.888489
3 106 542.007996 909.722656
4 106 552.781860 881.980347
5 106 546.034302 888.719849
6 106 536.079224 887.879150
0 107 -296.000000 -251.000000
1 107 -317.441528 -264.536621
2 107 -310.769531 -287.800659
3 107 -336.954712 -264.358276
4 107 -330.630127 -293.349365
5 107 -333.594360 -258.211060
6 107 -341.480835 -257.847168
0 108 -139.000000 -724.000000
1 108 -161.758911 -737.031616
2 108 -153.248535 -761.048950
3 108 -178.845947 -728.095459
4 108 -172.596191 -762.436523
5 108 -180.832153 -756.598755
6 108 -188.732910 -755.342407
0 109 591.000000 716.000000
1 109 594.312073 710.231934
2 109 596.594666 695.491760
3 109 553.906555 686.957092
4 109 563.564758 686.221741
5 109 557.092712 680.345459
6 109 547.450562 679.940552
0 110 -42.000000 -487.000000
1 110 -64.988770 -500.161377
2 110 -57.646973 -523.541382
3 110 -85.404419 -494.100464
4 110 -78.142700 -525.940674
5 110 -81.934082 -487.590942
6 110 -89.883789 -486.843994
0 111 253.000000 881.000000
1 111 257.719360 862.666504
2 111 261.000732 833.653564
3 111 250.658752 838.462830
4 111 258.988098 824.451782
5 111 253.897827 831.697449
6 111 244.871643 831.120789
0 112 1115.000000 745.000000
1 112 1117.817261 736.598267
2 112 1119.972412 736.584045
3 112 1129.151489 735.105957
4 112 1144.022095 735.323242
5 112 1132.144897 743.063965
6 112 1120.808350 742.595581
0 113 239.000000 702.000000
1 113 243.122498 684.264526
2 113 246.681702 656.380249
3 113 235.876038 676.496521
4 113 245.262695 648.781921
5 113 238.437317 683.419922
6 113 229.356873 682.910889
0 114 610.000000 977.000000
1 114 615.188843 956.113037
2 114 617.529663 925.925354
3 114 631.666443 934.541870
4 114 643.190552 906.423218
5 114 634.498718 942.268188
6 114 624.250732 941.218079
0 115 830.000000 991.000000
1 115 835.169922 953.564331
2 115 837.387817 922.861084
3 115 849.247192 932.418457
4 115 861.836853 904.267822
5 115 852.164795 940.680054
6 115 841.343018 939.564941
0 116 177.000000 905.000000
1 116 154.388550 883.696289
2 116 157.455444 854.696533
3 116 120.303711 869.071289
4 116 129.181152 841.765503
5 116 122.634399 876.178833
6 116 113.682983 875.338745
0 117 281.000000 885.000000
1 117 285.639954 866.346680
2 117 288.831604 837.190552
3 117 278.138062 842.091309
4 117 287.567444 814.442017
5 117 282.586304 821.679443
6 117 273.328125 821.041321
0 118 247.000000 -1018.000000
1 118 252.073425 -992.464355
2 118 260.870789 -1015.609619
3 118 258.338318 -977.976562
4 118 266.847473 -1015.603516
5 118 261.237549 -970.022461
6 118 253.240112 -968.267578
0 119 311.000000 862.000000
1 119 314.688782 857.261719
2 119 317.694946 828.045898
3 119 306.723022 833.172241
4 119 315.243896 819.343689
5 119 309.119385 840.441040
6 119 299.844421 839.565063
0 120 241.000000 675.000000
1 120 242.936035 684.102844
2 120 246.521240 656.222351
3 120 235.705811 676.331543
4 120 245.090942 648.612488
5 120 238.281677 683.244568
6 120 229.215515 682.735718
0 121 213.000000 686.000000
1 121 216.050659 681.744873
2 121 219.446045 654.039307
3 121 209.104492 674.061584
4 121 218.481934 646.310120
5 121 211.535645 680.700195
6 121 202.757263 680.316956
0 122 316.000000 922.000000
1 122 322.755127 875.018677
2 122 325.454529 845.544678
3 122 312.519287 878.221680
4 122 322.236267 850.546143
5 122 314.811096 885.615234
6 122 305.509338 884.580566
0 123 436.000000 854.000000
1 123 439.807983 848.750793
2 123 441.288635 847.865723
3 123 427.562622 867.169800
4 123 437.798767 839.239258
5 123 430.018494 874.586914
6 123 420.586853 873.732971
0 124 226.000000 853.000000
1 124 230.541870 834.775269
2 124 231.649292 833.651306
3 124 220.576904 852.083862
4 124 229.775696 824.510010
5 124 223.047180 859.147583
6 124 213.787109 858.363220
0 125 173.000000 846.000000
1 125 151.510010 811.489319
2 125 153.786621 796.493286
3 125 118.353394 798.270630
4 125 125.923584 784.200317
5 125 120.750000 805.199646
6 125 110.692627 817.874756
0 
0 
0 
0 
0 
0 
1781 
0 
0 
0 
0 
0 
0 
0 
0 
1781 
0 
0 
0 
0 
0 
0 
0 
0 
1781 
0 
0 
0 
0 
0 
0 
0 
0 
1781 
0 
0 
0 
0 
0 
0 
0 
0 
1781 
0 
0 
0 
0 
0 
0 
0 
0 
1781 
0 
0 
0 
0 
0 
0 
0 
0 
1781 
0 
0 
-0.072000 
0.023667 
0.300000 
-0.101667 
-0.102556 
0.300000 
-0.087222 
-0.107444 
0.300000 
-0.120111 
-0.104778 
0.300000 
-0.101889 
-0.084333 
0.300000 
0.119111 
0.019222 
0.300000 
-0.023778 
-0.048111 
0.300000 
-0.109000 
-0.103444 
0.300000 
-0.105778 
-0.073111 
0.300000 
-0.120111 
-0.087889 
0.300000 
-0.125444 
-0.080333 
0.300000 
-0.080444 
-0.103222 
0.300000 
-0.076889 
-0.106000 
0.300000 
-0.116333 
-0.109444 
0.300000 
-0.116333 
-0.104333 
0.300000 
-0.120222 
-0.084667 
0.300000 
-0.081111 
-0.080556 
0.300000 
-0.105222 
-0.111444 
0.300000 
-0.077556 
-0.084889 
0.300000 
-0.123889 
-0.105222 
0.300000 
-0.099444 
-0.105889 
0.300000 
-0.112667 
-0.109000 
0.300000 
-0.095889 
-0.102111 
0.300000 
-0.070000 
-0.105222 
0.300000 
-0.103333 
-0.081444 
0.300000 
0.010000 
0.030222 
0.300000 
-0.096222 
-0.080778 
0.300000 
-0.064222 
-0.082000 
0.300000 
-0.076889 
-0.102778 
0.300000 
-0.101667 
-0.105889 
0.300000 
-0.008889 
-0.132333 
0.300000 
-0.073333 
-0.108889 
0.300000 
-0.092667 
-0.085222 
0.300000 
-0.127667 
-0.083667 
0.300000 
-0.070889 
-0.082667 
0.300000 
-0.098000 
-0.108889 
0.300000 
-0.083778 
-0.107000 
0.300000 
-0.090889 
-0.104556 
0.300000 
-0.051222 
-0.103000 
0.300000 
-0.013778 
-0.128778 
0.300000 
-0.099889 
-0.079444 
0.300000 
-0.127667 
-0.104000 
0.300000 
-0.127667 
-0.109111 
0.300000 
-0.085111 
-0.104111 
0.300000 
-0.064444 
-0.077333 
0.300000 
-0.121667 
-0.113889 
0.300000 
0.125667 
0.004111 
0.300000 
-0.063333 
-0.102667 
0.300000 
-0.080444 
-0.100000 
0.300000 
-0.123889 
-0.110444 
0.300000 
-0.092778 
-0.080333 
0.300000 
-0.087333 
-0.104111 
0.300000 
-0.105333 
-0.103000 
0.300000 
-0.116556 
-0.082556 
0.300000 
-0.110444 
-0.109000 
0.300000 
-0.121667 
-0.107000 
0.300000 
-0.058000 
-0.097444 
0.300000 
-0.081556 
-0.107000 
0.300000 
0.022778 
0.122889 
0.300000 
0.023778 
0.103667 
0.300000 
-0.050222 
-0.099444 
0.300000 
-0.078111 
-0.108222 
0.300000 
-0.053556 
-0.098000 
0.300000 
-0.056667 
-0.101778 
0.300000 
-0.063556 
-0.097778 
0.300000 
-0.043778 
-0.098556 
0.300000 
-0.062222 
-0.077222 
0.300000 
-0.114111 
-0.111222 
0.300000 
-0.109000 
-0.106778 
0.300000 
-0.051556 
-0.095000 
0.300000 
-0.060000 
-0.102222 
0.300000 
-0.061778 
0.123333 
0.300000 
-0.062000 
-0.083556 
0.300000 
-0.054444 
-0.080889 
0.300000 
-0.048000 
-0.101000 
0.300000 
-0.116556 
-0.085889 
0.300000 
-0.129333 
-0.111444 
0.300000 
-0.045000 
-0.079889 
0.300000 
-0.066556 
-0.106333 
0.300000 
-0.129222 
-0.106222 
0.300000 
-0.068889 
-0.077889 
0.300000 
-0.041556 
-0.100111 
0.300000 
-0.089222 
-0.083556 
0.300000 
0.123444 
0.003667 
0.300000 
-0.067333 
-0.085444 
0.300000 
-0.047111 
-0.097444 
0.300000 
0.086000 
0.013778 
0.300000 
-0.071111 
-0.108889 
0.300000 
-0.037333 
-0.099333 
0.300000 
-0.102111 
-0.079222 
0.300000 
-0.091444 
-0.083000 
0.300000 
-0.126444 
0.029222 
0.300000 
-0.061111 
-0.104444 
0.300000 
-0.032000 
-0.100556 
0.300000 
-0.053778 
-0.095111 
0.300000 
0.014000 
0.069889 
0.300000 
-0.041000 
-0.093333 
0.300000 
-0.110778 
-0.068111 
0.300000 
-0.044778 
-0.102111 
0.300000 
-0.075556 
-0.080111 
0.300000 
-0.040667 
-0.096556 
0.300000 
-0.103000 
-0.108111 
0.300000 
-0.036889 
-0.074778 
0.300000 
-0.106778 
-0.105222 
0.300000 
-0.072111 
-0.086111 
0.300000 
-0.057778 
-0.105444 
0.300000 
-0.061333 
-0.099667 
0.300000 
0.032889 
0.027889 
0.300000 
0.015444 
0.080444 
0.300000 
-0.065667 
-0.079556 
0.300000 
0.004667 
0.054111 
0.300000 
-0.028111 
-0.097889 
0.300000 
-0.123889 
-0.082778 
0.300000 
-0.026556 
-0.078000 
0.300000 
-0.067778 
-0.108556 
0.300000 
-0.092222 
-0.110111 
0.300000 
-0.019667 
-0.100556 
0.300000 
-0.031222 
-0.098333 
0.300000 
-0.027444 
0.113111 
0.300000 
-0.034556 
-0.095778 
0.300000 
-0.026778 
-0.075000 
0.300000 
-0.023667 
-0.076222 
0.300000 
-0.035111 
-0.102444 
0.300000 
-0.048444 
-0.094889 
0.300000 
-0.025111 
-0.094778 
0.300000 
-0.019222 
-0.094000 
0.300000 
255 246 234 
106 109 116 
96 100 101 
111 114 131 
125 132 138 
63 50 60 
32 22 13 
85 96 98 
144 166 190 
116 125 134 
71 91 100 
118 107 115 
152 150 161 
98 103 109 
119 124 130 
47 50 59 
87 83 100 
95 91 105 
149 155 181 
115 129 132 
60 67 85 
114 125 131 
65 69 78 
96 84 98 
35 50 71 
173 182 187 
41 52 82 
35 24 40 
102 136 122 
98 104 116 
31 25 13 
152 150 155 
39 72 63 
99 117 137 
80 86 100 
74 83 88 
89 99 88 
102 129 122 
67 68 70 
218 189 159 
65 72 91 
95 109 118 
124 142 152 
30 45 64 
27 26 42 
105 118 111 
197 173 145 
140 142 167 
77 103 100 
87 97 106 
46 51 83 
88 107 111 
69 91 88 
74 89 110 
90 101 103 
89 111 108 
23 28 57 
63 85 98 
101 114 120 
83 102 116 
64 63 79 
84 92 113 
142 149 168 
144 151 169 
136 138 159 
116 122 134 
24 36 52 
87 110 118 
105 121 136 
22 34 50 
130 138 151 
204 213 220 
21 38 58 
133 139 161 
41 53 67 
61 80 97 
99 118 124 
34 37 46 
73 101 105 
83 107 109 
16 45 49 
29 28 44 
205 209 220 
123 97 70 
64 89 86 
54 49 71 
90 64 41 
28 47 61 
156 152 175 
150 179 195 
137 171 173 
253 255 254 
83 108 102 
48 58 83 
48 39 56 
87 96 103 
109 116 124 
154 164 173 
53 57 69 
22 46 56 
127 136 143 
81 82 100 
25 37 61 
92 113 132 
83 117 118 
41 55 55 
136 155 161 
161 172 178 
162 185 199 
165 173 160 
90 100 112 
181 193 219 
26 52 75 
34 43 52 
95 104 111 
98 118 117 
67 74 93 
119 135 158 
210 223 229 
78 83 103 
41 44 59 
29 28 34 
15 50 43 
159 194 174 
24 39 44 
48 47 61 

